1000
67.1712 0.901456 0.163152 5.35142 1 0.657094 1 23019.4 1
45.1674 0.616382 0.876858 1.06891 2 0.129185 0 30065.2 0
16.2755 0.804102 0.141118 13.8693 2 0.906491 1 19509.3 1
29.7708 0.393384 0.941252 10.0423 2 0.150182 0 30008.1 0
59.1876 0.775628 0.0838343 9.34965 2 0.341472 1 23579.3 0
10.3824 0.770287 0.554674 3.1106 0 0.278451 1 32479.9 0
84.9178 0.00503555 0.908322 0.927458 2 0.858394 1 23966.4 1
64.0339 0.71926 0.763848 3.25617 1 0.589648 0 21234.4 0
26.8807 0.119236 0.408063 2.24494 2 0.301767 0 35860.6 0
86.7916 0.846675 0.596606 2.06183 1 0.122227 0 29898 0
4.97757 0.48732 0.640706 0.479751 1 0.638844 1 27359.2 0
84.695 0.0914945 0.688528 3.99091 2 0.420515 0 36773.4 0
45.6893 0.96466 0.65273 0.658742 1 0.867214 0 20866.1 1
14.9327 0.571154 0.500076 12.6946 2 0.610187 0 23652.1 0
76.0033 0.454634 0.65743 8.80764 0 0.287698 1 26177.4 0
97.2472 0.228553 0.410108 10.2226 1 0.0236824 1 31037.9 0
35.4411 0.207648 0.158025 10.528 2 0.596759 1 28305.4 0
75.6371 0.124851 0.404035 5.562 0 0.739647 1 31963.3 0
50.8194 0.769951 0.526322 0.804773 1 0.777795 0 22045.8 0
66.3076 0.551897 0.0845668 3.51482 1 0.135105 0 37282 0
82.4885 0.568773 0.329478 10.5971 0 0.625263 1 24122 0
41.2 0.733787 0.945402 5.33036 2 0.803674 0 18033.4 1
91.7508 0.894101 0.373119 0.439467 0 0.541124 1 24651.5 0
30.1675 0.874233 0.889645 0.66332 2 0.0827052 0 23093.2 0
8.9053 0.142033 0.115787 0.278329 1 0.628132 0 36138.7 0
41.6211 0.807154 0.469131 8.20063 2 0.0934477 0 27532.5 0
12.9582 0.240425 0.942686 12.3751 0 0.692862 0 25458.1 0
63.213 0.651875 0.892117 1.53951 2 0.744072 1 16489.8 1
79.3939 0.813196 0.879879 14.843 1 0.186865 0 22537 0
73.9769 0.780847 0.123264 9.51216 1 0.712729 0 25161.8 0
24.5705 0.476669 0.818323 6.47206 0 0.983551 0 23052.2 0
39.3139 0.20835 0.00302133 7.98502 0 0.130924 0 45086 0
86.4834 0.328104 0.318094 3.41502 0 0.836055 0 26367.9 0
33.0973 0.322031 0.869594 5.13215 0 0.659139 1 28862.7 0
44.1298 0.805261 0.705588 4.39787 0 0.0110477 1 28888.8 0
99.3225 0.834284 0.302133 11.0887 1 0.00714133 1 26493.2 0
4.71816 0.292917 0.585314 12.7413 1 0.573107 1 24247 0
91.6715 0.0515458 0.941832 2.71325 0 0.829981 0 29623.8 0
91.1191 0.753624 0.186773 10.0414 0 0.723777 1 24832.7 0
75.7744 0.170934 0.512436 1.69973 2 0.445784 0 30854.2 0
54.3718 0.887051 0.280404 2.19321 1 0.112461 1 26817.6 0
7.84631 0.439955 0.782373 11.4206 1 0.107547 1 26464.2 0
30.0729 0.505264 0.852565 12.9771 1 0.74575 1 19773.3 1
77.9931 0.783258 0.906705 6.51601 0 0.732139 1 17110.5 1
65.3768 0.570299 0.450117 2.987 1 0.664998 0 26648.1 0
88.5678 0.0336924 0.988525 1.21494 0 0.18128 0 38914.1 0
77.9778 0.303262 0.216346 1.67638 0 0.555712 0 36039.8 0
90.6034 0.328074 0.426679 9.59227 2 0.518632 0 29458.3 0
82.0795 0.565569 0.266305 7.07495 1 0.52385 0 28976.8 0
86.6054 0.667776 0.300089 10.2995 1 0.262062 0 28761 0
41.5143 0.957152 0.318735 5.69933 2 0.0504776 0 28213.4 0
88.6959 0.225043 0.296518 1.61138 2 0.63802 0 30747.2 0
99.4324 0.397809 0.533372 13.6843 1 0.238716 0 32292.5 0
59.5996 0.820673 0.158971 1.80181 0 0.345531 0 32882.8 0
99.8627 0.984771 0.427137 13.5759 0 0.524827 1 21256.9 1
22.7027 0.235145 0.911527 1.76428 0 0.480728 0 34562.5 0
71.2546 0.271279 0.682089 8.97565 0 0.658712 0 29229 0
69.0664 0.768365 0.872463 8.31095 2 0.180517 0 23393.3 0
98.5961 0.419782 0.737632 10.6003 2 0.598071 0 22482.1 0
76.1284 0.853908 0.283609 9.58037 1 0.343333 1 20487.7 0
81.1975 0.5656 0.405927 6.77831 1 0.625813 0 28483.1 0
47.615 0.693411 0.911039 0.33784 2 0.598804 0 19348.9 1
70.3421 0.817042 0.48497 13.2591 1 0.119633 0 26784.2 0
49.2325 0.925291 0.824671 1.55141 1 0.653768 0 20814.3 1
17.0171 0.232582 0.596271 0.885342 0 0.600238 1 30012.4 0
12.421 0.405133 0.3726 2.3159 2 0.362316 1 31177.8 0
47.8439 0.485702 0.366894 14.5033 2 0.584307 1 24146.5 0
71.865 0.38258 0.748985 4.89914 1 0.479507 1 27335.4 0
38.8073 0.374218 0.732627 1.86544 2 0.998199 0 17784.6 1
53.1419 0.827631 0.143498 12.2158 2 0.18424 1 19869.5 0
85.0124 0.482772 0.689505 1.5949 0 0.0880764 1 29769.2 0
98.4741 0.522477 0.876034 3.31706 1 0.225776 1 24062.2 0
81.7866 0.784051 0.384198 8.86578 0 0.524125 1 26174 0
72.3533 0.911466 0.788537 8.38145 0 0.0803552 0 26828.2 0
51.616 0.397382 0.139103 5.7355 0 0.357006 0 41967.7 0
88.5037 0.718467 0.115146 7.04657 0 0.928983 0 28399.7 0
84.2952 0.732261 0.979125 14.377 2 0.278359 0 22031.5 1
6.64693 0.125584 0.700217 4.67849 0 0.706412 0 32604.5 0
17.2308 0.457228 0.587695 0.203711 0 0.878842 0 31597.9 0
25.2419 0.980071 0.412824 12.1187 0 0.0520341 0 35564.5 0
81.6004 0.776421 0.497421 12.42 1 0.92114 1 15624.8 1
6.55232 0.185369 0.539537 2.54158 0 0.838221 1 28262.6 0
90.0632 0.98883 0.83755 11.2174 2 0.669912 1 10510.9 1
76.2963 0.264046 0.444136 1.10874 2 0.188543 0 30914.5 0
56.1632 0.878933 0.244026 3.13578 2 0.674703 1 17940.3 1
3.31126 0.173406 0.498733 11.0237 2 0.650746 1 20663.7 0
26.2947 0.762169 0.711844 3.23511 2 0.707816 0 19713.5 1
48.7655 0.943785 0.829798 10.2528 1 0.580554 0 17227.7 1
84.9574 0.611896 0.358318 9.2375 1 0.444624 1 23115.6 0
40.7514 0.709006 0.417585 13.4358 1 0.951994 0 22011.2 1
75.5608 0.251778 0.396954 7.92688 2 0.561449 0 28188.5 0
42.2956 0.342936 0.159673 10.2593 0 0.857784 1 27229.2 0
74.4835 0.731864 0.215949 7.29331 0 0.841426 1 23097.4 0
0.286874 0.322855 0.284494 6.67302 1 0.0283517 1 35443.7 0
78.161 0.344737 0.443129 13.5182 1 0.249519 1 29697.5 0
53.0839 0.740165 0.604297 0.67156 2 0.903134 1 17278.3 1
24.131 0.904172 0.379742 14.3184 0 0.383526 0 30160.8 0
97.2259 0.693045 0.153722 6.8186 2 0.257515 0 31591.7 0
79.6869 0.527329 0.329417 8.73989 2 0.858852 0 23819.6 0
31.9956 0.750481 0.395245 5.11475 1 0.252052 0 30346.9 0
8.44752 0.859676 0.255501 7.6339 1 0.663808 0 23668.3 0
76.4702 0.898495 0.00958281 12.1233 1 0.145268 0 32753.6 0
78.634 0.0814539 0.999695 13.092 0 0.953551 0 24339.7 0
49.9252 0.489883 0.956481 7.27729 2 0.930937 1 15194.8 1
19.01 0.763665 0.109287 8.46751 2 0.759636 0 24725.7 0
85.7967 0.346416 0.609516 11.948 0 0.94232 1 22168.7 0
72.6585 0.322123 0.275033 7.64534 1 0.306833 1 30574.3 0
73.4733 0.429609 0.966521 9.96628 0 0.141118 1 28443.3 0
56.4714 0.0795923 0.602252 7.26264 1 0.668477 0 26171.1 0
54.7563 0.52971 0.836604 2.77093 0 0.497208 1 23125.6 0
19.0832 0.407056 0.549974 3.10419 0 0.9859 1 26681.5 0
4.12 0.345866 0.134404 2.08701 2 0.695425 1 27299.3 0
13.422 0.707633 0.499069 1.1655 2 0.0504471 1 28997.2 0
57.384 0.27073 0.593371 9.84634 2 0.502518 1 28192.2 0
75.2983 0.749931 0.677694 9.335 2 0.321757 0 21877.5 0
84.0175 0.271676 0.969085 0.883053 2 0.61214 0 23212.9 0
38.7432 0.680258 0.70687 1.66036 1 0.0583514 1 24872.6 0
86.8221 0.607746 0.767663 0.611133 0 0.788903 0 29780.8 0
34.6446 0.568407 0.451125 8.09351 2 0.795373 0 23061.7 0
21.4637 0.856777 0.324381 14.2813 1 0.774102 1 18623.5 1
23.9601 0.19541 0.300058 12.8159 0 0.536973 1 32853 0
19.9835 0.979888 0.302042 3.43699 0 0.825098 1 24131.4 1
23.4687 0.59798 0.585955 8.1663 0 0.370342 0 31444.1 0
39.2865 0.0421155 0.00100711 0.694449 1 0.0580462 1 40076.3 0
2.33772 0.269143 0.688131 3.11975 1 0.372936 0 30976.5 0
0.375378 0.867672 0.898251 2.81167 2 0.0787072 0 25363.9 0
74.9107 0.503372 0.612018 14.637 0 0.305002 0 29499 0
99.1363 0.455061 0.185858 1.11515 1 0.841212 1 24451.1 0
1.30009 0.788446 0.581835 6.36402 1 0.276009 1 26330 0
17.2124 0.54442 0.387036 14.5569 1 0.394818 0 32567.7 0
45.0514 0.0182501 0.578784 6.50548 1 0.973601 1 24459.1 0
4.93789 0.431349 0.010773 10.8461 0 0.290902 0 38007.3 0
38.7646 0.245521 0.914945 14.5528 0 0.7734 0 28873 0
8.93582 0.0954619 0.296121 2.16208 0 0.0482498 0 43266 0
87.1426 0.344829 0.981841 9.37895 1 0.728599 0 21821.1 0
38.5571 0.0704672 0.0117496 5.71718 2 0.343638 0 37509 0
4.05896 0.935514 0.376873 8.29676 0 0.698111 1 27996.6 0
69.2984 0.361248 0.645924 7.84173 1 0.626209 1 23275.3 0
49.3759 0.844203 0.816248 12.441 0 0.335704 0 24120.1 0
30.7779 0.230415 0.769585 5.12665 0 0.780053 0 28451.5 0
14.0568 0.897763 0.713309 12.674 2 0.952818 0 17396 1
84.0815 0.960143 0.505356 9.39772 1 0.396802 1 24620.5 1
11.9785 0.549455 0.16306 11.4362 1 0.0118412 0 41062 0
20.8167 0.868191 0.513535 1.75283 2 0.301584 0 29065.7 0
85.0978 0.382885 0.45024 14.0103 0 0.830164 1 20793.5 0
76.6167 0.0480972 0.338755 11.4893 1 0.320627 1 36744.3 0
29.1757 0.531816 0.21543 1.87185 1 0.598193 1 29167.2 0
7.39158 0.631977 0.969207 0.278329 2 0.0155034 0 25701.8 0
11.359 0.126286 0.198431 0.56032 1 0.671255 0 36011.8 0
90.228 0.97055 0.674947 2.39967 2 0.36082 1 17233.3 1
91.6349 0.651753 0.15006 9.1702 2 0.899075 1 15773.5 1
44.5387 0.112094 0.231452 9.97223 2 0.234413 0 35745.9 0
90.3409 0.20954 0.194067 7.55654 2 0.142949 1 31568.7 0
85.696 0.463088 0.129612 14.8956 0 0.248329 0 37963.9 0
75.0694 0.726188 0.751183 9.97497 1 0.718375 1 18560.3 1
85.287 0.655812 0.944609 8.47346 0 0.996246 1 16293.9 1
85.9828 0.791101 0.231849 9.58403 1 0.915983 1 16956.9 1
81.8964 0.557543 0.312967 12.2698 0 0.358562 0 32010.4 0
90.5942 0.642781 0.192083 11.3446 2 0.624287 1 19559.7 1
26.2764 0.153203 0.569658 6.62175 1 0.211432 1 32379.7 0
70.1407 0.487167 0.647145 5.76708 2 0.0239875 1 27993.7 0
17.7282 0.849147 0.652882 3.16599 2 0.855525 0 20303.3 1
2.4659 0.452925 0.881771 7.04291 0 0.973724 0 24922.6 0
56.5355 0.699881 0.0215461 6.67165 1 0.843318 0 26210.4 0
33.0027 0.684439 0.503159 5.72039 0 0.686514 1 26399.7 0
63.4632 0.281137 0.665517 1.27583 2 0.759667 0 22968 0
28.8247 0.974303 0.781701 2.64824 2 0.227912 1 16612 1
63.4144 0.542833 0.456252 13.7439 2 0.0276193 0 29317 0
3.07321 0.565447 0.639302 6.74627 2 0.875027 0 17638 1
59.6057 0.103641 0.704642 8.5023 0 0.0961943 1 32432 0
91.0672 0.934568 0.0998566 8.70006 0 0.0903653 0 35047.1 0
98.9257 0.215888 0.489456 12.8498 2 0.538316 0 29234.5 0
67.3391 0.128391 0.737327 0.233467 0 0.404981 1 32501.6 0
11.4444 0.162236 0.720359 12.6823 0 0.779412 1 29334 0
27.485 0.187414 0.768029 13.601 2 0.498032 1 27848.3 0
59.5386 0.270791 0.62862 11.3396 1 0.504532 1 26857.7 0
32.2825 0.982147 0.0610981 7.74331 0 0.834651 0 26773.5 0
17.4047 0.172979 0.0591449 13.466 2 0.389477 1 30150 0
36.784 0.0318918 0.608203 0.492569 0 0.997406 1 29673.6 0
82.577 0.510208 0.198675 14.1087 2 0.786615 1 19054.6 1
16.3152 0.19776 0.0266732 4.73205 2 0.951109 1 25587.2 0
59.2578 0.139988 0.836085 7.44255 0 0.498581 1 27906.4 0
67.1133 0.166723 0.595111 4.82818 2 0.53676 1 23849.9 0
12.3447 0.12891 0.543504 1.41499 0 0.915891 1 32293 0
14.2979 0.998321 0.258339 2.3983 1 0.126164 0 31755.4 0
32.4351 0.571947 0.910306 6.11087 2 0.701437 1 15492.9 1
16.2114 0.310465 0.120334 6.85247 1 0.20539 1 36335.3 0
39.1064 0.669607 0.783593 1.65029 0 0.00552385 1 28707.1 0
24.7505 0.567431 0.287759 10.6058 2 0.322275 1 22975 0
44.4716 0.653554 0.995819 2.77871 0 0.00778222 1 31345 0
58.3422 0.0190741 0.664998 0.715506 2 0.95172 0 24376.4 0
64.0309 0.199103 0.912168 13.8986 1 0.538438 1 24085.2 0
80.3766 0.758446 0.551469 2.36396 0 0.0301218 0 27960.4 0
59.7339 0.0283517 0.937803 7.00034 1 0.752129 1 22493.5 0
63.5731 0.731925 0.786523 4.43678 1 0.810663 0 23817.2 1
93.2585 0.611957 0.509873 7.63894 0 0.437849 0 28273.4 0
72.5394 0.985199 0.843654 7.8312 1 0.919095 1 10324.6 1
18.5858 0.349254 0.686361 2.6281 2 0.677114 1 23439.2 0
25.0923 0.577502 0.826289 7.43431 0 0.672475 0 26062.6 0
14.1667 0.46675 0.860469 9.43113 1 0.327921 1 25605.2 0
10.3092 0.0755638 0.880245 8.30134 1 0.481948 0 29019.6 0
9.0762 0.252602 0.99884 8.08939 0 0.347636 1 26132.4 0
60.1642 0.970397 0.244331 9.84451 0 0.123783 0 32744.6 0
57.033 0.262185 0.747459 8.92483 2 0.389813 1 24396.7 0
4.71206 0.369396 0.13065 13.1584 1 0.455 1 37064.1 0
19.2969 0.912687 0.401807 4.96689 0 0.550523 0 29149.4 0
0.289926 0.530137 0.987152 0.345164 1 0.391888 0 25389.7 0
95.1109 0.558916 0.714225 9.03836 0 0.719596 0 25080 0
18.778 0.841517 0.573199 5.24979 2 0.294595 0 25318.9 0
48.5214 0.832148 0.444288 3.48872 1 0.837306 0 19917.2 1
36.3292 0.354015 0.794763 11.7049 2 0.923978 0 20523.3 1
86.3552 0.852931 0.0679342 12.6548 1 0.594592 0 25454.5 0
74.0501 0.531602 0.530625 2.66564 1 0.491867 0 29828.3 0
5.26444 0.0255135 0.77279 11.0123 1 0.865505 1 26797.3 0
34.0556 0.174169 0.853816 10.7747 2 0.632466 1 18750.8 0
9.87274 0.607685 0.409131 0.670186 1 0.554033 0 28257.3 0
54.1612 0.0619221 0.242164 12.3746 1 0.00631733 0 42959.5 0
70.394 0.251015 0.0603046 7.1015 2 0.695395 0 28643 0
85.8974 0.431196 0.702536 2.1424 1 0.337504 0 28872 0
0.189215 0.350291 0.967498 8.75042 2 0.700522 1 24500.7 1
96.115 0.524155 0.32786 3.69793 1 0.599994 1 32994.4 0
53.3677 0.447829 0.320017 6.29215 2 0.697531 1 23718.1 0
14.4078 0.794641 0.793725 12.1677 1 0.437941 1 22055.3 1
32.5327 0.238502 0.526078 12.6223 2 0.128147 0 35085.9 0
9.86358 0.516556 0.801935 7.08731 1 0.353191 0 28438.4 0
19.8096 0.0344554 0.634602 12.1329 2 0.228431 1 28954.3 0
93.1394 0.162114 0.622333 2.61711 0 0.342051 0 34280.2 0
62.1937 0.00473037 0.21424 14.2644 2 0.884396 0 27924.2 0
16.8615 0.612934 0.791162 1.171 1 0.143162 0 34288.3 0
18.4698 0.22486 0.83346 3.59996 0 0.729667 1 27130.7 0
0.482192 0.668416 0.823847 10.6159 0 0.689474 0 23741 0
71.1203 0.683309 0.951262 8.82366 0 0.370708 0 27829.1 0
48.1582 0.0443129 0.614582 8.54259 1 0.366832 1 34033.2 0
85.7173 0.0182806 0.147832 12.4804 2 0.407147 0 34575.3 0
72.2159 0.73516 0.149327 9.13953 0 0.895199 1 22979.7 0
24.8543 0.0267953 0.821192 14.6104 1 0.589679 0 33410.5 0
92.7152 0.874966 0.380779 3.25755 2 0.688955 1 16560.3 1
55.7085 0.0192267 0.376141 12.8141 0 0.146947 0 40249 0
68.218 0.693167 0.724021 9.75845 2 0.0471816 1 26680.5 0
92.9868 0.0188299 0.161229 11.0109 0 0.143223 1 40721.3 0
36.5062 0.453505 0.759117 5.50798 0 0.0970183 0 35533.9 0
54.3657 0.743614 0.590075 10.9917 2 0.82345 1 14330.6 1
19.1412 0.00811792 0.49501 6.85934 1 0.688681 0 33711.1 0
36.1339 0.38789 0.643635 11.6683 1 0.389904 0 31199.8 0
83.1202 0.421064 0.0806604 11.4449 0 0.0438551 0 37216.1 0
5.22782 0.567827 0.913083 12.599 0 0.656209 0 25278.2 0
68.5598 0.641102 0.275094 0.0590533 0 0.516587 0 31139.8 0
12.7262 0.530107 0.133305 12.766 2 0.665792 1 21486.7 0
96.3775 0.056917 0.426038 13.612 1 0.959502 0 27745.1 0
25.367 0.976226 0.402234 14.604 2 0.772423 0 16260.9 1
76.2352 0.574908 0.288003 9.03195 2 0.527085 0 25132.3 0
8.59706 0.746025 0.602008 13.7658 1 0.976867 1 17331 1
55.6597 0.243568 0.855281 14.9684 0 0.913358 0 24325.3 0
39.4635 0.263955 0.565111 13.9801 1 0.630177 1 25427.8 0
98.1811 0.0379955 0.622425 2.46239 1 0.639851 0 32395 0
42.555 0.198401 0.880459 0.437635 1 0.0677206 0 35850.9 0
64.5894 0.832087 0.436842 6.96142 1 0.708304 1 17678.7 1
90.1791 0.351115 0.542405 1.35548 0 0.459548 0 38826.1 0
9.06095 0.456709 0.499863 0.356609 1 0.331828 1 32359.6 0
51.0727 0.496658 0.529466 12.533 1 0.273904 1 22703.3 0
3.59813 0.688955 0.231635 9.62111 1 0.18714 1 27545.1 0
72.9118 0.864345 0.48796 5.79134 0 0.377453 0 25167.7 0
82.6594 0.667165 0.763878 1.41499 0 0.312326 1 25511 0
5.18509 0.314798 0.611621 5.93371 0 0.063448 0 40355.7 0
67.1346 0.206244 0.888455 9.14365 1 0.033784 0 33533.2 0
73.1346 0.142186 0.177313 9.27091 0 0.332591 1 32137.7 0
95.9014 0.4185 0.495712 9.6939 2 0.770074 0 24827.1 0
62.7705 0.948515 0.64449 6.6332 1 0.674276 1 15883.3 1
75.988 0.555406 0.00656148 10.9363 1 0.849361 0 23951.7 0
34.373 0.321055 0.375988 7.00217 2 0.536729 1 27435.2 0
72.2037 0.698141 0.163396 7.27363 0 0.223945 0 33308.9 0
9.24711 0.218268 0.5168 11.3863 1 0.753319 1 25455.4 0
5.50249 0.46675 0.92288 13.5905 2 0.78515 0 21107.8 1
34.962 0.156652 0.998718 2.12409 0 0.538591 0 31776.5 0
29.6823 0.91052 0.210242 12.1512 1 0.508591 0 28468.6 0
89.9472 0.624195 0.64864 12.3682 0 0.404248 0 27971 0
20.2124 0.815577 0.0784326 1.74642 2 0.513535 0 29110.3 0
1.74566 0.738792 0.591144 0.912351 2 0.596454 0 21727 0
49.8489 0.440779 0.48909 8.07749 0 0.925626 0 28829.8 0
87.1487 0.159093 0.17719 5.69796 1 0.549211 0 37571.8 0
55.5193 0.796014 0.621754 3.33033 1 0.817896 0 22151.1 1
38.7921 0.75454 0.164769 7.0745 0 0.506027 0 33106.2 0
32.4656 0.634419 0.448347 5.55193 2 0.0926847 1 29819.6 0
45.0179 0.686148 0.44911 1.15818 1 0.011597 0 32395.9 0
37.1044 0.964232 0.404431 9.11756 2 0.582934 1 15748.9 1
99.2767 0.456587 0.916929 6.23127 2 0.539384 0 24813.2 1
52.15 0.724113 0.476516 5.70482 0 0.520554 1 26344.6 0
95.4863 0.287057 0.600543 12.9601 0 0.225562 1 28005 0
78.6554 0.931791 0.0257576 10.1059 0 0.466781 0 30591.8 0
78.6676 0.993194 0.866512 14.1787 2 0.651753 0 16194.9 1
82.3634 0.735038 0.310892 6.27338 1 0.450148 0 28057.1 0
88.2321 0.487381 0.506546 3.89889 0 0.97882 1 25861.8 0
48.5 0.990875 0.0823695 10.6557 2 0.0356761 0 30780.8 0
57.3168 0.255104 0.937223 0.0219733 0 0.611957 1 28731.7 0
2.39875 0.900204 0.917173 1.39851 0 0.980773 0 19097.5 1
77.926 0.764824 0.880917 2.74209 2 0.094882 1 23146.3 1
45.8693 0.452254 0.279214 2.87072 0 0.6433 0 31176.3 0
70.5802 0.897031 0.51915 12.7775 0 0.21305 0 30087.4 0
53.0168 0.616443 0.745689 9.46089 0 0.0201117 1 27518.7 0
71.7765 0.2472 0.807459 7.19031 1 0.461226 0 28026.4 0
77.3156 0.977447 0.558031 0.191809 1 0.834864 0 20909.1 1
34.611 0.688528 0.0402539 7.5309 2 0.219062 0 29282.2 0
56.3189 0.473098 0.771416 5.66774 1 0.0884426 1 34034.7 0
90.6003 0.00601215 0.484237 12.2634 1 0.308817 1 31205.8 0
73.9463 0.686209 0.899686 10.6621 2 0.558397 0 18634 1
5.96026 0.851802 0.578661 14.7578 2 0.204688 0 20013.4 0
65.5324 0.383648 0.222907 3.61965 0 0.506943 0 32491.3 0
46.4461 0.852046 0.462081 1.44292 0 0.150548 1 28998 0
40.1349 0.320841 0.956786 2.8428 2 0.963652 1 15886.5 1
3.0488 0.541612 0.0474563 13.8826 1 0.943419 1 29903 0
60.271 0.352763 0.407117 12.5665 0 0.00241096 0 36499.2 0
89.993 0.0388195 0.158269 0.4326 1 0.283639 0 41667.9 0
74.2912 0.248207 0.172308 14.8448 1 0.070101 1 34899.2 0
67.7206 0.124302 0.982971 4.68764 1 0.500931 1 27778 0
52.9527 0.908841 0.536271 9.57762 0 0.259194 0 29301.6 0
30.7657 0.781243 0.92703 0.858333 2 0.262978 1 24020.5 1
52.2935 0.580859 0.541002 9.44029 0 0.0855434 0 32284.8 0
94.9309 0.411786 0.467452 12.6548 1 0.690023 1 25524.4 0
21.955 0.734001 0.962767 13.3447 1 0.449446 0 24957.2 0
83.3399 0.993988 0.467788 3.77117 2 0.251289 0 23368.1 0
14.2918 0.198767 0.669546 0.732444 1 0.656209 1 25453.5 0
8.7405 0.506821 0.218451 11.8317 1 0.0425428 0 39071.8 0
37.1868 0.522721 0.728599 8.82687 1 0.273446 1 22424.4 0
42.6435 0.15775 0.852748 5.28459 2 0.652577 1 25350.3 0
45.4299 0.952513 0.291849 10.3421 2 0.829646 0 17347.7 1
12.7293 0.416089 0.374828 11.33 0 0.955931 1 22950.1 0
93.6216 0.600116 0.835658 4.47615 2 0.540727 1 16594.3 1
41.4991 0.718162 0.95468 9.19904 0 0.934996 1 19693.4 1
91.1344 0.829432 0.895627 3.58623 2 0.0119022 1 19155.3 1
92.9167 0.0866726 0.011475 4.03302 1 0.168889 1 33005.3 0
18.4912 0.331156 0.142582 1.23692 0 0.823359 1 32062.8 0
93.4996 0.924131 0.556413 8.94635 0 0.0494095 0 31483.6 0
97.6012 0.363903 0.616443 8.61629 0 0.700369 1 21990.1 0
1.37333 0.0232246 0.914151 8.61812 1 0.224525 0 35785.6 0
67.7572 0.85226 0.295328 5.06256 1 0.213172 0 28557.6 0
74.3675 0.512284 0.923246 8.70876 2 0.350047 1 22960.1 1
18.1188 0.0730003 0.0559404 13.9833 0 0.272469 1 39793 0
98.6389 0.140782 0.644612 8.47942 0 0.0749229 0 38998.1 0
77.401 0.156346 0.596698 12.1471 0 0.71334 1 23225.7 0
44.9171 0.142979 0.119419 11.0503 2 0.423017 0 31435.1 0
75.8263 0.198859 0.179785 12.5985 2 0.613178 0 31499.2 0
82.992 0.010712 0.428816 3.65444 2 0.485336 0 30551.9 0
85.3023 0.0628681 0.22187 8.60805 1 0.29606 0 37497 0
68.749 0.994812 0.850185 10.9047 1 0.729728 0 15493.1 1
23.5145 0.538743 0.951964 12.5628 1 0.860897 1 21773.1 1
84.8384 0.155156 0.898068 9.33683 2 0.393139 1 27241.1 0
89.1842 0.103427 0.685873 3.82702 2 0.157689 1 26940.7 0
27.7779 0.423109 0.110172 13.2659 0 0.470534 0 34649.7 0
91.1863 0.64452 0.861934 7.82479 1 0.0542619 0 32366.2 0
54.1887 0.546739 0.215033 7.07678 1 0.878231 1 22200.6 0
56.3524 0.855037 0.969054 4.1731 2 0.202185 1 20734.5 1
88.76 0.089877 0.419935 9.42289 1 0.575884 1 33483.1 0
61.861 0.172308 0.000244148 14.1485 1 0.960479 1 27767.1 0
19.4891 0.969451 0.616138 12.262 1 0.900815 0 17846.1 1
50.8072 0.751701 0.207251 6.32191 0 0.284402 1 29650.1 0
23.9021 0.470016 0.931608 4.08155 1 0.230079 1 30318.4 0
66.393 0.663961 0.839778 13.3438 1 0.866085 1 15461.5 1
45.8174 0.397229 0.900662 8.97107 1 0.46321 0 24757.4 0
93.3592 0.905911 0.352611 6.901 0 0.244362 0 29458.8 0
38.7127 0.140873 0.184698 13.2238 2 0.834956 1 26372.1 0
37.8094 0.541185 0.377422 1.24424 1 0.612598 1 25705.9 0
70.6381 0.0464187 0.89874 5.79089 2 0.351787 1 30649.6 0
20.3833 0.971068 0.711173 2.66289 1 0.263985 1 20996.5 0
10.1901 0.761773 0.793939 5.03418 2 0.818995 1 13795.5 1
15.8727 0.594043 0.794397 12.3948 2 0.657125 0 21533.8 1
45.2284 0.258034 0.449049 8.69915 1 0.114841 0 37571.7 0
56.8316 0.576067 0.763787 7.92184 0 0.576922 0 28155.6 0
88.5098 0.148381 0.849605 3.75881 1 0.198523 1 29913.8 0
42.4512 0.744682 0.289438 1.90619 0 0.439405 0 29498.1 0
59.8865 0.866695 0.917508 14.5981 2 0.433699 0 16788.2 1
69.1214 0.363628 0.176611 3.45943 1 0.0635395 1 32916.4 0
65.2699 0.349864 0.312265 13.8148 0 0.297067 0 34953.2 0
38.3374 0.36784 0.242836 12.4717 1 0.837367 1 23938.6 0
81.048 0.211768 0.788141 1.59536 0 0.541826 0 30566.4 0
13.535 0.163121 0.407208 8.62819 2 0.761895 0 30074.2 0
61.5253 0.133641 0.182867 14.0162 0 0.529221 0 39554.9 0
2.1424 0.949126 0.366253 11.9855 1 0.991272 1 12350.9 1
78.4448 0.44792 0.357524 4.63363 1 0.84991 0 22149.9 0
45.7747 0.329814 0.812372 10.8631 2 0.825587 1 18593 1
38.6181 0.784936 0.729301 9.24802 0 0.654988 1 19770.3 1
21.8726 0.362438 0.995361 9.75387 0 0.27839 1 28245.6 0
70.4367 0.309915 0.0641804 12.5436 0 0.43141 0 36866.7 0
7.21458 0.780816 0.664571 4.32737 0 0.960662 0 21655.1 0
85.0154 0.62685 0.551042 14.4356 1 0.411451 0 27261.3 0
39.8389 0.54799 0.181249 1.75283 0 0.719596 0 35823.5 0
65.624 0.989654 0.483566 0.136876 2 0.526505 0 22381.1 1
53.6149 0.760033 0.982513 6.90695 1 0.871883 0 16106.6 1
82.2291 0.167486 0.762902 3.14997 2 0.927396 1 20966 1
61.504 0.871578 0.737144 7.91452 1 0.598407 1 18107.4 1
28.8675 0.279916 0.520768 11.4211 2 0.719138 1 19009.5 0
41.7737 0.862728 0.582598 7.27088 1 0.750237 1 18531.4 1
2.98471 0.280313 0.0790429 10.7024 2 0.827296 1 26670.6 0
48.909 0.947111 0.895901 6.89413 2 0.57448 1 14864.6 1
49.8642 0.642689 0.831446 7.5222 0 0.944517 0 22993.6 1
39.8633 0.350871 0.257241 11.2229 1 0.332499 1 32918.5 0
44.7279 0.323832 0.0788598 4.05683 2 0.431288 1 32232.2 0
89.285 0.203162 0.735679 1.30558 2 0.0724815 0 34167.3 0
42.3719 0.357067 0.00262459 10.43 1 0.983093 0 29635.9 0
76.986 0.291299 0.486496 4.05408 1 0.564623 1 29752 0
51.5976 0.606983 0.435469 8.41807 0 0.95706 1 21712.2 0
79.4824 0.974822 0.0290841 3.87875 1 0.227332 1 25851.9 0
52.2355 0.403699 0.524552 1.13849 2 0.596667 0 26424.4 0
97.6501 0.546678 0.588885 13.1277 2 0.399609 1 20020.5 1
28.0313 0.106632 0.388531 12.8315 2 0.129429 0 36575 0
16.8615 0.402203 0.672567 12.5156 1 0.16773 1 28289.2 0
2.31635 0.241707 0.0846278 13.2907 2 0.963744 1 22758.5 0
36.7016 0.15183 0.718253 12.3962 0 0.761437 0 28759.8 0
97.058 0.843348 0.2425 9.63897 0 0.105258 0 30048.7 0
37.2509 0.917081 0.351939 4.70962 1 0.918516 0 20494.1 1
52.4735 0.134617 0.215217 0.909146 2 0.569658 0 31015.9 0
80.4682 0.105808 0.612354 3.09091 0 0.206397 1 32690.3 0
6.47603 0.821009 0.171331 5.1413 0 0.11832 1 27399.3 0
90.5789 0.598193 0.600726 4.30265 0 0.703452 1 23269.2 0
2.67953 0.181127 0.825709 11.319 1 0.208228 0 35433.9 0
29.5541 0.111209 0.499771 12.2886 1 0.312937 0 37800.6 0
35.9935 0.938047 0.11127 11.2975 2 0.751427 0 20301.9 1
94.8363 0.177557 0.907102 11.0411 2 0.92996 1 14711.1 1
17.478 0.707358 0.651082 1.8421 0 0.250984 1 30779.6 0
29.133 0.292184 0.0711386 13.574 0 0.331065 0 37386.3 0
8.46583 0.774926 0.0226447 5.81835 0 0.241768 0 35257.3 0
59.0167 0.977905 0.0261544 10.9052 1 0.63625 1 23654 1
99.7955 0.176641 0.147526 11.3739 2 0.840052 1 25446.9 0
82.1528 0.421918 0.921293 6.52699 0 0.122898 0 34104.9 0
58.3666 0.665059 0.302072 5.49242 0 0.725669 1 28124.6 0
15.5736 0.563097 0.153294 7.67739 1 0.682974 1 27540.9 0
92.3368 0.273171 0.866573 10.4172 0 0.161229 0 36340 0
11.2308 0.69158 0.368053 4.2436 2 0.925626 0 21947.4 1
60.6098 0.95529 0.626331 0.0846889 0 0.829005 1 19672.5 1
53.1114 0.382977 0.115299 8.7225 2 0.470168 1 26817.4 0
34.6232 0.315683 0.838832 5.68331 0 0.453475 1 29447.3 0
84.7896 0.55092 0.0545976 0.611591 1 0.96762 0 24080.3 0
72.8477 0.861904 0.00921659 11.6601 1 0.509629 0 28144.7 0
89.877 0.193396 0.235084 10.4415 0 0.460768 0 36784.9 0
53.8347 0.657369 0.999207 7.84631 1 0.910825 1 12923.2 1
73.0674 0.653066 0.240944 11.5648 2 0.469802 1 22549.2 0
94.3632 0.828669 0.352367 11.6633 2 0.558 1 18298 1
78.7072 0.532731 0.0267953 6.37593 2 0.292001 0 30719.8 0
17.5359 0.228675 0.183844 3.54228 2 0.133122 0 40035 0
49.6475 0.433515 0.191351 7.02414 1 0.0625019 0 39834.6 0
94.7081 0.793023 0.271493 5.61464 1 0.662221 0 25601.1 0
84.0419 0.0365612 0.377056 3.42326 1 0.756157 1 29978.2 0
26.4809 0.878628 0.731071 5.21317 2 0.282144 1 23908.6 1
4.12 0.35548 0.563585 7.7607 1 0.150029 1 32150.1 0
15.1616 0.266915 0.479537 2.7517 2 0.443831 0 29766.5 0
21.6315 0.871548 0.368694 9.14136 0 0.431288 1 26068.3 0
75.5577 0.671285 0.21659 4.88632 0 0.59856 0 29675.4 0
81.4997 0.352336 0.206336 13.8794 0 0.253487 1 33597.1 0
96.2157 0.63802 0.507218 0.466933 2 0.370434 1 25722 0
1.58086 0.0691549 0.403607 5.59954 2 0.244118 1 33397.1 0
61.0157 0.793695 0.355266 10.4817 2 0.436811 0 20700.8 0
14.0049 0.498733 0.27131 9.1583 0 0.863399 1 23636.6 0
34.0861 0.598132 0.0431532 0.883969 1 0.951811 0 33114.7 0
65.3005 0.0417798 0.780389 7.75796 2 0.745445 0 25584.3 0
62.1387 0.231239 0.599597 5.74236 2 0.473739 0 29667.6 0
60.9058 0.441237 0.0457167 7.95434 0 0.83343 1 28086.6 0
19.5288 0.104831 0.674276 9.41832 2 0.125065 0 34810.8 0
57.0666 0.0612201 0.383404 11.8303 1 0.379711 0 36716.7 0
75.4234 0.866878 0.467208 12.3847 1 0.247291 1 21517.1 0
21.9184 0.620289 0.411969 13.8986 1 0.846309 0 21709.3 0
61.9648 0.782373 0.307627 2.65831 2 0.235908 1 22444.5 0
20.7617 0.981384 0.639607 6.61122 0 0.530137 1 18962.8 0
29.4351 0.160466 0.127781 5.55284 2 0.681539 0 28756.3 0
39.9335 0.814142 0.340373 7.09052 2 0.983398 0 17233.4 1
52.0768 0.16831 0.0554521 10.4268 1 0.521561 1 32315.3 0
62.4348 0.986602 0.398877 3.22871 0 0.620411 0 25533.7 0
58.4582 0.0644551 0.281106 11.1853 1 0.754234 0 33536.3 0
58.5864 0.0365001 0.321543 9.02829 0 0.928678 1 31010.8 0
66.0451 0.712424 0.864162 14.3426 1 0.501968 0 18354.1 0
69.3045 0.646321 0.894681 1.29276 1 0.0541704 1 29732.4 0
63.0512 0.332133 0.857479 1.37288 0 0.963347 0 27414 0
50.3433 0.318949 0.144169 11.97 1 0.839228 1 26322 0
64.4581 0.933195 0.6686 2.75124 0 0.185675 1 23506.9 0
25.8309 0.0579241 0.44084 11.9105 2 0.273934 1 33236.1 0
35.6487 0.874538 0.571368 6.31367 1 0.748436 1 14811.5 1
80.7306 0.409131 0.925108 1.9657 0 0.41261 1 24460.2 0
89.1232 0.639546 0.353343 4.35301 1 0.495956 0 29309.8 0
17.5085 0.358501 0.0212104 10.5335 2 0.719932 0 29563.8 0
79.3207 0.322642 0.860225 13.948 2 0.523545 1 16815.4 1
24.2988 0.916562 0.797235 12.2684 0 0.182897 1 24690.2 0
10.8188 0.622486 0.301523 5.37065 2 0.824427 1 22884.7 1
62.9322 0.387036 0.42787 0.110324 2 0.970977 1 17053.5 1
97.824 0.451064 0.238929 0.878018 2 0.477737 1 24431.4 0
98.0071 0.936613 0.162328 1.339 0 0.576525 1 27232.7 0
31.1808 0.724357 0.812922 7.61422 1 0.117313 1 25335 0
64.8518 0.778375 0.104465 12.5101 1 0.84817 0 26357 0
85.0703 0.618732 0.601764 10.6589 0 0.799127 1 22615.9 1
27.5704 0.684591 0.914151 2.18131 0 0.758934 1 19993.1 1
91.7722 0.690817 0.17246 12.2735 1 0.401746 0 30441 0
20.7709 0.269875 0.351024 3.68236 1 0.762597 1 28026 0
92.1232 0.883938 0.502762 8.05231 1 0.479293 0 23506.2 0
12.4729 0.170507 0.538621 7.2013 0 0.803827 1 29037.4 0
93.5423 0.712546 0.65038 6.7861 1 0.157231 1 27818 0
83.7611 0.502487 0.046144 10.533 2 0.0885342 1 30452.2 0
99.8749 0.949309 0.945921 10.3494 0 0.354015 1 18841.8 1
5.23392 0.446455 0.497421 5.32991 2 0.215644 1 30530.3 0
79.7479 0.0625935 0.215094 9.62889 2 0.439375 0 36442.2 0
14.0721 0.0967742 0.543229 14.9693 2 0.843196 1 21378.9 0
75.5058 0.593036 0.7163 14.3376 1 0.536424 0 27196.9 0
70.5405 0.457076 0.800653 10.62 0 0.337016 1 28608 0
85.4854 0.735679 0.240547 10.3696 2 0.161809 0 29581.1 0
12.2105 0.286203 0.896542 3.10053 0 0.454512 0 32384.5 0
40.8399 0.742729 0.783471 10.0244 0 0.898953 1 18669.9 1
39.8907 0.0251778 0.175573 4.03348 1 0.671896 1 33254.6 0
6.91855 0.495499 0.988678 9.82849 2 0.442457 1 21823.5 1
74.0776 0.8876 0.0738243 10.0468 0 0.897946 0 20415.7 0
30.7779 0.848109 0.808618 4.69771 0 0.760643 0 25308.3 0
27.4026 0.00335704 0.737144 2.64367 0 0.656453 1 31334.3 0
93.4111 0.236946 0.148442 12.6887 0 0.420515 0 33393.5 0
58.7939 0.891385 0.311472 8.33567 1 0.983703 0 18960 1
69.8569 0.708731 0.28605 3.42372 2 0.435591 0 24908.7 0
22.3365 0.12241 0.566607 12.9666 2 0.908078 0 28561.6 0
15.5736 0.0684835 0.213233 12.4039 2 0.450514 1 32913.8 0
9.86663 0.451765 0.268227 0.347911 1 0.0755028 0 40902.2 0
45.1125 0.413129 0.351146 4.57366 1 0.798853 0 29458.8 0
24.0272 0.568896 0.104801 7.64031 0 0.484329 0 33228 0
12.4729 0.0219428 0.976745 0.743431 0 0.0793786 0 41763.8 0
20.2918 0.558947 0.134465 7.79229 0 0.0227058 1 39804.3 0
3.36924 0.545396 0.78518 1.47221 1 0.526383 1 25550.9 0
34.8064 0.822077 0.766076 12.181 0 0.182867 0 27952.1 0
71.0135 0.795221 0.929746 11.8207 0 0.713187 1 15772.1 1
82.2047 0.173711 0.352336 3.6581 0 0.585803 1 31597.8 0
51.0453 0.315806 0.248878 3.76659 1 0.165105 1 31833.4 0
76.5801 0.781945 0.678976 6.01199 0 0.413617 1 22504.6 0
40.7147 0.434523 0.838374 7.94473 1 0.379284 0 28584.1 0
11.7618 0.106693 0.103702 4.64095 1 0.137791 1 40097.1 0
84.637 0.771294 0.275918 9.6028 2 0.689016 1 19296.2 1
46.6384 0.719596 0.960509 9.51308 1 0.67449 1 18546.1 1
36.9335 0.362377 0.285195 7.14637 1 0.49086 1 26679.6 0
89.8373 0.422742 0.221992 9.48469 2 0.922391 0 21095.7 0
29.9966 0.742302 0.056856 2.20374 0 0.698019 0 30884.8 0
78.3837 0.0809351 0.429456 1.28498 0 0.16187 1 36471.2 0
35.7128 0.657521 0.454512 4.71419 0 0.0191656 1 32026.1 0
9.11893 0.651845 0.683981 1.22547 1 0.649495 0 28048.3 0
18.5064 0.682394 0.546098 6.95547 2 0.915769 0 20235.6 1
22.5105 0.675558 0.165685 7.35969 2 0.547075 1 26294.7 0
13.3274 0.99295 0.942961 13.5914 1 0.980682 0 12493.7 1
68.3554 0.588305 0.337779 13.8038 2 0.71044 1 16963.7 1
78.3074 0.0564898 0.921567 12.5715 0 0.142338 0 36632.3 0
14.3834 0.280953 0.821314 6.57552 2 0.450148 1 21311.7 0
33.7199 0.138493 0.876888 0.969115 2 0.64452 0 28029.8 0
4.20545 0.958647 0.023835 0.998871 0 0.793115 1 25459.3 0
68.6789 0.434248 0.92993 2.45415 2 0.318308 1 23107 0
43.1196 0.1948 0.0899075 8.8287 2 0.64214 0 32367.2 0
36.8694 0.434248 0.117557 0.929746 1 0.367168 0 40106.1 0
1.49846 0.740196 0.744285 3.18247 1 0.179174 1 24727 0
35.7219 0.944761 0.147221 4.82864 0 0.85641 0 23140.4 0
88.0917 0.765038 0.240577 10.4286 2 0.507065 0 24361.8 0
31.3028 0.140568 0.835597 0.475631 2 0.460311 1 27468.7 0
72.3716 0.411115 0.0375683 4.82864 0 0.503769 0 36842.7 0
17.4566 0.248848 0.687124 2.75262 0 0.897031 0 31203.9 0
38.3984 0.430158 0.122227 3.26807 1 0.795007 1 25617 0
43.8063 0.0716575 0.235328 13.7915 1 0.998047 0 31187.4 0
44.9995 0.913602 0.214698 8.27433 0 0.259682 1 28184.3 0
76.4367 0.685293 0.387432 2.59331 1 0.64388 1 22206.2 0
61.0279 0.300516 0.545152 12.0331 0 0.197455 1 30788.5 0
29.487 0.418287 0.711753 2.0806 2 0.969756 1 24163.8 1
52.5468 0.610736 0.612323 1.68325 2 0.826624 0 20020.2 1
88.0459 0.746818 0.00665304 12.0615 1 0.435682 0 27073.9 0
33.2102 0.811518 0.445723 6.16764 0 0.776147 0 28567.7 0
95.3459 0.16654 0.219153 8.82733 2 0.685049 0 27872.3 0
62.8925 0.0193182 0.520493 1.69012 1 0.307382 1 35833.7 0
62.5874 0.542802 0.461379 1.40446 2 0.710929 0 24633.8 0
4.69985 0.480697 0.740471 5.81149 1 0.776543 0 24989.5 0
40.3882 0.018189 0.135105 2.81487 0 0.837062 1 34763.7 0
39.8358 0.598987 0.939909 13.6908 2 0.951872 0 16398.4 1
29.2795 0.404309 0.635823 3.84487 2 0.52089 0 31362.8 0
5.55437 0.299539 0.275918 3.43608 2 0.857601 0 27695.6 0
65.5477 0.219611 0.398816 8.75683 2 0.129673 1 33275.2 0
76.3604 0.37907 0.825739 0.243995 2 0.449904 0 22147.6 0
60.2832 0.288003 0.795251 8.85937 0 0.748222 1 22522.5 0
65.0349 0.79107 0.780358 5.38575 1 0.268593 0 27765.5 0
56.3646 0.204779 0.206763 2.87622 1 0.876156 0 31475.2 0
90.5881 0.7051 0.974029 0.568102 0 0.875057 0 23466.6 1
62.9109 0.135166 0.133854 14.3966 1 0.686605 0 30336.4 0
57.2771 0.264809 0.223884 10.0551 1 0.0044557 1 36512.1 0
91.7264 0.459304 0.0460524 3.28227 0 0.473983 0 35941.1 0
25.0557 0.885281 0.206793 11.5754 1 0.559496 1 22281.1 0
18.1127 0.842067 0.488784 11.6225 0 0.137974 1 29583.3 0
39.3384 0.300577 0.492752 1.91443 0 0.471053 1 29866.8 0
81.6492 0.511185 0.346782 12.4841 0 0.163671 0 33818.8 0
39.9579 0.0186773 0.0123295 13.4376 1 0.68218 1 33253.9 0
93.3775 0.997833 0.751274 13.2884 2 0.683737 1 11713.1 1
97.2625 0.991516 0.784631 3.10373 2 0.691214 1 13562.8 1
87.3226 0.45497 0.534898 1.88467 0 0.976348 1 27007.7 0
40.9223 0.786584 0.296762 5.14222 1 0.850948 0 22171.1 0
8.16675 0.046205 0.00656148 4.31547 2 0.285897 1 39366.1 0
65.7521 0.978454 0.630573 6.81173 1 0.58327 1 15701.8 1
26.487 0.915067 0.766808 0.608386 1 0.277413 0 23150.7 0
32.0139 0.487411 0.403302 13.0023 1 0.459914 1 25719 0
80.047 0.0274361 0.933378 0.693533 0 0.87466 1 25863.2 0
37.141 0.806482 0.950407 14.1641 1 0.343059 0 22786.9 0
17.3009 0.85519 0.126591 13.4893 0 0.81225 0 27431.6 0
34.5347 0.0977813 0.0550554 12.5967 0 0.103946 0 45970.2 0
29.548 0.556291 0.49443 5.27818 0 0.078341 0 35313.5 0
25.1991 0.63509 0.0473952 13.8331 1 0.460524 1 28471 0
63.7959 0.139256 0.567766 10.5783 0 0.659597 1 31495.6 0
62.2944 0.639546 0.378368 12.1091 2 0.830592 0 18953 1
72.0084 0.192877 0.449355 1.58986 2 0.752647 1 23844.1 0
99.4964 0.833003 0.948851 6.09485 1 0.402539 0 20877.1 1
36.0576 0.251015 0.379955 13.0087 0 6.1037e-005 1 38991.5 0
93.9238 0.635151 0.661946 12.528 0 0.511124 1 25905.9 0
74.3919 0.862209 0.720908 14.2044 2 0.464309 0 18908.2 1
55.8458 0.488907 0.998321 0.542467 1 0.492874 1 23323.3 0
48.2833 0.0776391 0.46263 7.55837 1 0.104923 1 34306.2 0
32.899 0.931822 0.00894192 2.68212 2 0.112491 0 30671.9 0
5.31938 0.478744 0.146153 1.82745 2 0.586627 0 29824.4 0
38.5601 0.369823 0.106388 14.1879 2 0.0206915 1 33013.1 0
87.7804 0.164373 0.186407 14.7629 2 0.451888 1 29844.7 0
95.8922 0.676412 0.537889 4.58327 2 0.150304 0 25882.2 0
56.3707 0.432478 0.643605 1.65258 2 0.162358 1 27441.7 0
80.0501 0.357494 0.565691 14.1531 1 0.109012 1 29220.2 0
98.0956 0.345897 0.123814 12.9089 2 0.374248 0 30756.3 0
20.0507 0.721824 0.2884 12.0309 2 0.105045 1 28994.1 0
62.7857 0.09241 0.327464 6.08432 0 0.190435 1 38121.1 0
73.4306 0.895047 0.836543 11.6916 1 0.373699 0 22772.4 1
69.3564 0.161138 0.430158 12.7706 0 0.149266 1 39456.5 0
29.8593 0.246071 0.488479 2.9664 2 0.0824 1 29850.3 0
1.72735 0.983917 0.600635 5.43657 2 0.492843 1 17927.9 1
43.8032 0.474136 0.209876 11.7379 2 0.905362 0 26139.3 0
38.963 0.957335 0.156133 0.411542 0 0.932524 1 21494.8 1
54.1917 0.865932 0.339183 3.53175 1 0.498886 1 23460.4 0
96.2127 0.796106 0.757408 7.68563 0 0.817591 1 17702.7 1
33.7474 0.694906 0.753075 9.71679 1 0.604083 0 25453.2 0
55.7665 0.0896634 0.273385 12.9176 2 0.443922 1 30551.7 0
34.1838 0.025483 0.97354 9.30662 1 0.0740379 1 35060.2 0
2.78024 0.87582 0.127018 3.88241 2 0.334727 1 28306 0
68.7155 0.929106 0.445204 9.82528 2 0.39967 0 24002.9 0
10.8371 0.123478 0.694174 4.37956 0 0.81222 0 30362.2 0
12.5523 0.941801 0.744804 11.6907 2 0.910947 1 14507.5 1
11.1698 0.363811 0.289682 5.30656 0 0.180609 1 35513.8 0
17.9296 0.117862 0.908353 1.51067 1 0.387219 1 30026.8 0
87.9727 0.443831 0.0663472 6.99942 1 0.483657 0 31197.2 0
44.9904 0.887997 0.501907 9.90493 2 0.945189 1 11375.5 1
33.9366 0.629933 0.396039 0.968657 1 0.207801 0 34501.5 0
16.4312 0.736137 0.640461 3.35871 2 0.410321 0 24548.4 0
37.0342 0.180181 0.625172 4.63363 0 0.601642 1 27889 0
24.2317 0.0959502 0.00674459 1.57247 0 0.544816 1 38601 0
14.2888 0.163457 0.121372 6.54393 2 0.595782 0 32959.8 0
63.8539 0.453413 0.156652 6.1127 1 0.122745 1 30974.4 0
23.2978 0.851466 0.882656 8.64055 0 0.763085 1 18428.9 1
57.4908 0.0590838 0.150914 12.3568 1 0.541734 1 31856.4 0
30.2103 0.574664 0.285775 8.33659 2 0.479629 0 26443.7 0
65.6087 0.523911 0.944945 14.0414 1 0.0598468 1 26789.6 0
55.8672 0.638142 0.436537 8.36085 2 0.558123 0 26225.5 0
87.7743 0.51677 0.126804 7.61376 1 0.475784 1 28992.9 0
22.9774 0.863918 0.671773 3.36741 1 0.252388 0 28162 0
32.0627 0.435896 0.642445 1.37837 2 0.750969 0 27073.6 0
48.3352 0.687582 0.67922 1.08493 2 0.79931 0 19438.2 1
99.826 0.90173 0.210883 1.54546 2 0.333323 1 22821.7 0
28.2418 0.614704 0.0702841 14.1774 0 0.697531 0 30079 0
1.35807 0.852321 0.339 13.0457 0 0.404096 1 29748.3 0
14.7893 0.358745 0.688589 13.8437 1 0.84637 0 24637.7 0
1.236 0.531663 0.313791 11.802 2 0.56093 1 21749.9 0
37.7331 0.266823 0.0864589 9.44212 0 0.607593 0 38183.7 0
1.47404 0.373608 0.413556 1.38386 0 0.194159 0 39977.5 0
54.3168 0.812677 0.0816065 6.86712 0 0.932951 1 23151.2 0
19.3854 0.326121 0.954772 10.0166 1 0.635884 0 23405 0
69.8111 0.125614 0.736351 13.9929 1 0.0456862 0 36239.4 0
17.2033 0.153966 0.810114 3.10785 2 0.685995 0 29624.5 0
27.0516 0.854915 0.112156 6.06418 2 0.901669 1 17947.7 1
4.80056 0.330119 0.81576 11.2375 0 0.974425 1 25017.2 0
76.8731 0.263985 0.36607 9.32951 0 0.905667 1 23967.7 0
77.5872 0.902554 0.159581 8.20383 0 0.4232 1 22113.9 0
75.0267 0.436018 0.794183 9.35194 2 0.253578 0 26542.2 0
81.637 0.825373 0.532395 2.72149 0 0.459273 1 25590.9 0
67.8488 0.973296 0.924467 13.2334 0 0.927213 0 16724.7 1
29.5297 0.300516 0.65334 4.99023 0 0.214545 0 38522.7 0
90.8139 0.716758 0.331309 14.1893 2 0.918271 1 15346.5 1
35.8074 0.311167 0.876949 5.06577 1 0.367534 0 32442.3 0
73.8243 0.919095 0.120243 14.5596 1 0.822687 1 18328.1 1
13.1596 0.365429 0.0751366 3.0607 0 0.148717 1 41066 0
87.1792 0.103824 0.634999 11.1556 1 0.650899 0 25781.1 0
81.46 0.135197 0.990417 11.1391 2 0.980071 1 13368.7 1
34.9651 0.658467 0.49559 1.80914 2 0.671041 1 23379.3 1
4.54115 0.794153 0.897366 8.32194 0 0.86874 1 18843.9 1
70.809 0.162542 0.210883 5.91906 2 0.4626 0 31276.6 0
96.3713 0.0561541 0.819819 5.78585 2 0.653951 0 25367.3 0
36.8694 0.674825 0.946593 1.58071 0 0.236 0 30415.4 0
41.4502 0.815516 0.848109 6.85568 1 0.137638 1 25268.2 0
73.3024 0.812799 0.196356 4.43541 0 0.990204 0 30103.4 0
66.9546 0.519364 0.416486 6.7719 2 0.639027 0 26234.2 0
74.4469 0.586413 0.722465 5.47823 0 0.364086 1 28875.5 0
97.7172 0.583941 0.855129 6.8131 2 0.226295 0 19304 0
42.4726 0.714347 0.829279 8.72387 1 0.211585 1 23816.8 0
33.4269 0.926267 0.252174 14.9355 1 0.419752 1 25629.9 0
71.4377 0.685049 0.434462 1.58666 0 0.11887 0 35303.9 0
21.8909 0.645497 0.772942 0.0686666 2 0.154607 0 28183.4 0
47.1541 0.248054 0.129704 3.06116 1 0.413251 1 33533.3 0
75.8049 0.679678 0.20896 9.01822 2 0.863887 0 21096.1 1
33.7809 0.461226 0.105808 4.10398 1 0.808222 1 25866 0
5.74664 0.507248 0.799615 12.8457 0 0.317789 1 28361.5 0
98.5931 0.99881 0.0759606 7.94519 0 0.815851 0 18495.7 0
31.3425 0.285257 0.399121 8.1457 2 0.958769 1 23521.9 1
64.8396 0.271615 0.79397 12.2121 0 0.559801 0 30337.2 0
98.3093 0.841548 0.988922 2.03665 2 0.528336 0 20323.4 1
41.5784 0.146702 0.0557878 1.65624 1 0.764183 0 37555.4 0
84.0663 0.291269 0.47145 7.41691 0 0.417005 0 32158.2 0
20.6854 0.805567 0.816126 1.79769 2 0.602283 0 20864.5 1
31.0068 0.356151 0.764763 6.43681 2 0.00543229 1 33706.4 0
18.4301 0.672964 0.874355 11.7795 1 0.888089 1 17527.4 1
16.9622 0.347179 0.560106 4.58052 2 0.932493 0 23288.1 0
33.5582 0.506546 0.109867 1.10645 2 0.907254 1 21928.2 0
69.6097 0.862026 0.843501 9.60601 2 0.342998 1 15705.9 1
58.9312 0.786004 0.0999481 11.5149 0 0.140049 1 30712.9 0
67.5253 0.162725 0.532243 13.2682 1 0.367931 1 27175.7 0
81.6004 0.60506 0.759667 8.92575 1 0.349162 1 21048.7 0
58.4979 0.568896 0.471084 13.5813 0 0.987091 1 20872.3 1
99.3927 0.475051 0.0291757 13.1309 1 0.116276 0 32606.6 0
77.2149 0.648824 0.690847 10.7408 2 0.655446 1 14170 1
32.9997 0.919004 0.220496 1.38798 0 0.0390027 0 39061.6 0
73.0003 0.141514 0.380505 5.15824 0 0.254707 1 31945.3 0
83.9381 0.596606 0.0521561 8.3961 1 0.566881 0 30691.7 0
75.515 0.0210883 0.588855 0.631733 1 0.691183 1 31218.4 0
42.7076 0.0779138 0.27018 10.9981 1 0.987884 0 29488.8 0
45.3078 0.54619 0.376568 13.9622 2 0.424909 0 24923.3 0
51.1338 0.400342 0.699484 13.3428 2 0.50206 0 24107 0
89.1659 0.147649 0.110599 3.64803 1 0.00531022 0 43454 0
29.7678 0.327342 0.221534 13.9631 0 0.756981 0 31052.2 0
79.6869 0.219825 0.95352 4.01608 0 0.93292 1 22961.9 0
59.1082 0.900937 0.152226 2.19275 2 0.800226 0 22480.2 1
17.2338 0.9223 0.477645 6.69546 2 0.488815 0 24433.9 0
13.4739 0.569384 0.425184 14.4305 1 0.250404 1 29026.6 0
22.5532 0.5927 0.852382 8.04544 1 0.199591 1 26956.7 0
52.2385 0.00167852 0.495926 2.80435 2 0.72396 1 28003 0
62.6148 0.944243 0.334025 13.406 0 0.957976 1 16161.5 1
36.4238 0.796106 0.595111 1.72628 1 0.306406 1 25413.5 0
3.06711 0.49559 0.963988 6.21662 0 0.126652 0 33646.7 0
22.6173 0.776391 0.499954 3.47179 2 0.251015 0 31322.4 0
60.6006 0.285958 0.568346 1.52348 1 0.838099 1 19786.7 0
52.6261 0.571368 0.987304 4.17997 2 0.243934 0 24852.9 0
9.84832 0.483383 0.483688 3.54183 1 0.789087 1 24358.7 0
69.3258 0.815607 0.20365 3.42921 1 0.625538 1 24248.5 0
95.1659 0.629994 0.0281686 5.13123 0 0.747673 0 29753.6 0
8.75271 0.718131 0.96353 5.63845 0 0.0205695 1 27533.2 0
19.4525 0.605487 0.724693 2.66564 1 0.356212 1 26953.9 0
8.69778 0.043672 0.0902432 6.8955 1 0.0364086 1 41638.2 0
43.5499 0.556017 0.783441 7.17566 0 0.264138 0 32927.8 0
96.6979 0.866817 0.970824 8.25785 0 0.157811 0 25731.1 0
42.2437 0.655049 0.495407 11.2471 0 0.772546 1 24119.8 0
38.7036 0.912839 0.129948 8.01202 2 0.828944 0 20439.1 1
39.8053 0.259865 0.0946684 10.2647 1 0.652394 0 30843.3 0
5.53301 0.0214545 0.468337 7.67052 1 0.0903653 1 35653.4 0
1.24821 0.4279 0.44792 5.66546 0 0.229377 1 34179.7 0
10.5289 0.380078 0.473403 6.51097 2 0.155583 0 34523.7 0
97.8881 0.485336 0.742882 1.20487 1 0.837703 1 20737.1 1
51.0269 0.799463 0.832942 14.1151 0 0.0954924 0 26802.3 0
9.68047 0.0225227 0.303049 5.25758 2 0.959166 0 28266.3 0
10.5258 0.574175 0.0768151 11.4591 1 0.472945 1 29705.5 0
84.9788 0.94998 0.876675 12.251 0 0.40376 0 24229 0
10.7974 0.501572 0.774133 5.63066 1 0.458663 0 31410.9 0
62.6789 0.712088 0.358837 13.8162 2 0.382794 1 18859.2 0
5.63066 0.557695 0.0400708 12.9217 2 0.790307 0 24141 0
85.6014 0.0463576 0.0334788 9.52727 0 0.89761 0 34609.9 0
43.2844 0.668172 0.290353 6.9042 1 0.0317392 1 33261.7 0
8.95718 0.420301 0.188421 12.5591 2 0.142186 0 32001.2 0
55.4003 0.0913724 0.938719 13.8922 1 0.0764183 0 37867.5 0
47.1755 0.100162 0.490799 6.60115 0 0.222236 0 40175.7 0
18.6041 0.278115 0.697439 14.864 2 0.840052 1 21032.7 1
17.9724 0.331797 0.933653 1.29322 1 0.0484939 1 32700.7 0
43.7483 0.806757 0.931578 12.327 1 0.730979 0 17465.2 1
47.6913 0.965941 0.603565 13.6692 2 0.398541 0 24330.3 1
39.4757 0.246498 0.760521 9.61791 1 0.894498 1 23533.7 0
8.17286 0.668752 0.100436 1.99225 1 0.477828 0 33939.7 0
33.5582 0.692831 0.925016 10.6314 0 0.526444 0 27182.5 0
76.0033 0.24189 0.284371 10.3252 2 0.477462 1 26940.8 0
80.2942 0.37727 0.460738 11.8253 0 0.865139 0 29968.1 0
52.0768 0.164434 0.262886 6.50136 2 0.245277 1 32710 0
97.2503 0.303903 0.574938 2.44224 0 0.927213 0 28505.4 0
65.5141 0.885586 0.282388 2.38685 2 0.883816 1 16677.4 1
22.4738 0.427381 0.428053 5.09827 0 0.772027 0 29756.4 0
23.6732 0.265664 0.580981 7.59407 1 0.489029 1 27537.4 0
26.4718 0.594226 0.407971 14.0492 0 0.191656 0 35394.6 0
71.7612 0.510605 0.41731 5.73824 1 0.973174 0 26443.1 0
14.2582 0.43852 0.571245 14.528 1 0.350261 0 29276.6 0
3.86059 0.594775 0.539872 5.09873 2 0.59508 1 21197.3 0
74.0104 0.785546 0.843196 0.29252 2 0.163793 1 21773.6 1
34.5897 0.146702 0.424726 2.66472 0 0.0827052 1 38654.2 0
33.018 0.992492 0.936338 9.92508 0 0.24485 0 25829.2 0
9.51567 0.702628 0.815485 6.30863 0 0.69454 1 21796.9 0
31.0221 0.174596 0.395154 2.29987 0 0.160588 1 38361.3 0
15.5217 0.743614 0.569109 13.6477 0 0.857509 0 23536.8 0
78.225 0.546831 0.3249 14.8709 1 0.691977 0 24526.6 0
61.8091 0.644002 0.673757 2.4015 0 0.764306 0 24554.6 0
92.8098 0.285928 0.840358 6.87765 1 0.861354 1 21133.5 1
50.9384 0.200629 0.680441 0.0846889 0 0.133457 1 33588.2 0
73.2383 0.50676 0.703543 0.175787 1 0.842891 1 19873.2 1
59.4195 0.406323 0.808985 0.0810266 2 0.862636 0 22005.4 1
16.1107 0.276894 0.627186 4.92843 0 0.604968 1 30096.9 0
11.713 0.202612 0.771081 10.9098 2 0.158116 1 28650.2 0
3.97961 0.189581 0.93524 2.8341 0 0.386547 0 35102.7 0
72.2373 0.723472 0.0279855 0.162053 2 0.530473 0 28922.8 0
21.2104 0.000701926 0.311808 3.71761 1 0.00207526 1 40196.1 0
9.91241 0.64391 0.888913 3.57295 1 0.430708 1 22612 0
72.6676 0.338084 0.864528 4.06644 1 0.6274 0 23253 0
21.2165 0.305094 0.686605 2.32002 2 0.890286 0 21738.3 0
41.8195 0.63393 0.300333 10.3476 2 0.267739 0 26256.9 0
43.1959 0.921445 0.363109 7.36244 0 0.942381 1 17102.5 1
94.6837 0.338755 0.287301 7.55562 1 0.67449 0 31691.8 0
59.9841 0.0137638 0.283517 2.71828 0 0.473312 1 36323 0
75.9758 0.274911 0.679189 11.27 2 0.180761 0 28857.7 0
17.5207 0.878292 0.0986358 14.5202 0 0.0982391 1 34575.6 0
16.7638 0.801691 0.836787 1.45665 1 0.898099 1 15036.7 1
23.8075 0.0202033 0.119602 3.73867 1 0.306742 1 34437.1 0
41.0413 0.418928 0.414258 10.1943 0 0.0767235 0 38436.5 0
38.8287 0.678671 0.0759301 12.1361 2 0.102359 1 30064.8 0
84.5943 0.657735 0.316538 5.28001 0 0.310129 0 33303.8 0
61.6199 0.468581 0.427046 2.52419 0 0.291482 0 38701.7 0
85.9218 0.716544 0.700766 14.2222 1 0.780236 1 16649.2 1
14.2552 0.396008 0.711814 5.27909 2 0.0866115 0 31499.2 0
37.9223 0.429701 0.512192 5.24293 1 0.0249947 0 35381.2 0
16.6112 0.682455 0.876034 7.56844 2 0.402722 0 26270.6 0
63.628 0.921567 0.74456 0.561235 2 0.882687 1 15220.1 1
53.5722 0.595233 0.238014 9.33638 2 0.765282 0 23517.3 0
61.3636 0.833522 0.0127567 9.18165 2 0.45613 0 27619.7 0
71.1478 0.443495 0.864315 5.0502 1 0.743706 0 25777.6 0
17.3345 0.434584 0.756462 8.65978 0 0.272347 1 28832.6 0
11.4231 0.690023 0.753716 12.0345 0 0.895901 1 19743.4 1
68.981 0.365764 0.0731834 9.61653 1 0.405744 1 29391.6 0
21.5186 0.373302 0.496445 14.1508 0 0.984222 1 21221 0
83.0287 0.348552 0.440565 0.101169 1 0.322489 0 32396.1 0
61.034 0.357219 0.107669 3.10144 2 0.328349 1 31333 0
50.7828 0.033723 0.0489517 11.0654 2 0.702994 0 33289.9 0
98.2177 0.950072 0.658498 3.06024 2 0.215339 1 21296.2 1
61.8641 0.402448 0.75811 6.11042 2 0.643818 1 18267.1 1
39.967 0.788873 0.267373 12.0501 1 0.923093 1 16703.6 1
59.2547 0.884426 0.434309 0.200049 2 0.547411 1 19175.6 1
97.3479 0.191443 0.0948515 14.8993 0 0.751274 0 29066.5 0
65.4225 0.749565 0.247871 10.0079 1 0.807764 1 21848.8 1
58.5803 0.0633564 0.330027 12.0382 2 0.119205 0 36813.1 0
64.0584 0.48854 0.0352489 14.9391 2 0.213569 1 31293.9 0
38.8012 0.534562 0.893338 5.26627 2 0.909726 1 17787.4 1
86.8923 0.946226 0.68453 9.46089 0 0.946806 0 19464.9 1
11.8046 0.417127 0.833033 5.28825 0 0.435072 1 27585.3 0
53.032 0.0357982 0.308542 11.0636 0 0.273537 0 41822.6 0
16.7943 0.944334 0.284371 10.6415 2 0.302072 1 23976.1 0
1.37638 0.0678732 0.356059 5.87146 0 0.637776 0 41133.3 0
84.8872 0.697836 0.519059 13.0265 0 0.680868 0 26393.3 0
7.57775 0.197851 0.39787 12.4648 1 0.992737 1 26055 0
58.4338 0.781976 0.161473 14.3532 2 0.664571 0 20122.9 0
48.4359 0.357891 0.741722 5.74923 2 0.974853 0 19376.1 1
93.6552 0.78045 0.212714 0.40788 1 0.166112 1 28175.6 0
30.6101 0.415052 0.89874 3.60363 0 0.0563066 1 35755.4 0
55.8947 0.464217 0.228034 9.33363 2 0.761803 1 25183.9 0
99.9695 0.316294 0.871364 6.40797 0 0.237983 0 31168.4 0
50.032 0.227729 0.964721 14.4086 2 0.681967 1 20584 1
55.1653 0.763237 0.8829 5.28138 1 0.281686 1 17799.5 0
87.8872 0.444868 0.177831 14.3825 2 0.393475 0 30057.1 0
66.5517 0.633747 0.147954 5.83438 1 0.0636006 0 35317.6 0
93.347 0.975707 0.119724 10.1357 2 0.540544 0 24918.3 1
11.7924 0.056856 0.213996 2.31361 1 0.473525 0 38032.2 0
95.9624 0.549944 0.814631 3.14997 1 0.0364391 0 28288.9 0
45.4299 0.877834 0.914212 9.06766 2 0.523209 1 16765.5 1
78.0755 0.325968 0.464766 3.54274 1 0.451918 1 24154.6 0
82.8639 0.34489 0.685324 14.2048 2 0.0777001 0 34796.1 0
31.3761 0.197424 0.517716 12.5701 0 0.152196 0 45613.9 0
63.1947 0.337443 0.544145 10.9395 1 0.0166326 0 34435.4 0
58.6779 0.0260628 0.113224 11.0077 2 0.520402 0 35915.4 0
21.9153 0.455092 0.0111698 7.41325 2 0.79049 1 26196.9 0
38.0505 0.533189 0.959349 14.9483 1 0.691916 0 20757.4 1
16.306 0.931516 0.342051 2.51183 2 0.385907 0 25298.4 0
62.1235 0.718711 0.282083 8.74035 0 0.141057 1 31471.4 0
66.1824 0.743889 0.202918 0.301218 1 0.778558 0 26044.4 0
87.289 0.0141301 0.480209 0.43672 1 0.830103 1 27703 0
62.6423 0.58858 0.0286874 11.0663 0 0.156163 0 37662.4 0
88.7234 0.541459 0.617664 2.49763 0 0.0780663 1 31609.7 0
20.3619 0.707205 0.361126 14.3655 2 0.667226 1 22532.3 1
29.9051 0.469802 0.029664 4.10672 2 0.457686 0 33012.9 0
67.0766 0.00317392 0.0969268 10.9711 1 0.309519 0 37352.2 0
31.9224 0.158177 0.226417 5.5707 1 0.505814 1 35448.2 0
39.8724 0.608997 0.415052 12.8384 0 0.951994 1 19303.1 0
81.344 0.173833 0.0764183 14.3381 1 0.466536 0 36040.6 0
54.3565 0.175695 0.817835 0.29252 0 0.498856 1 28912.8 0
57.6647 0.00332652 0.0673849 0.507675 2 0.294046 1 36248.7 0
91.5769 0.783776 0.840297 5.25941 2 0.990478 0 13219.6 1
5.42009 0.956328 0.396252 6.74444 0 0.355876 1 23086.4 0
72.2892 0.641255 0.178106 5.47411 1 0.106693 0 34316.3 0
33.9305 0.0202338 0.86169 12.5495 1 0.318796 0 34140 0
20.2002 0.768822 0.886715 9.10566 0 0.230384 0 29756.9 0
12.3386 0.888607 0.142857 10.3632 0 0.192419 0 32419.9 0
18.3996 0.794763 0.530808 8.93811 2 0.0566118 0 27370.7 0
51.1277 0.675069 0.176244 10.2409 1 0.0794092 0 33862.4 0
98.5717 0.923185 0.346904 2.07465 0 0.830622 1 21206.8 1
36.5856 0.571337 0.108432 0.305795 1 0.455184 1 30552.1 0
33.2286 0.217536 0.239753 11.9539 1 0.782556 0 29317 0
23.8929 0.527055 0.837672 1.19205 0 0.404065 1 26700.6 0
89.7 0.688803 0.39732 6.11866 0 0.330302 1 29983.2 0
10.3244 0.557604 0.579546 3.61644 2 0.796381 1 26139.4 1
13.3091 0.412366 0.0998871 2.60704 2 0.262459 1 36917.1 0
14.9937 0.137028 0.33198 8.44829 0 0.523728 1 36182.1 0
98.9654 0.150945 0.542619 1.81692 1 0.52385 1 27896.7 0
97.9431 0.941893 0.695242 2.52922 2 0.24958 1 19208.3 1
47.0382 0.852931 0.813654 11.2279 1 0.523026 0 20323.3 1
71.9199 0.594775 0.347423 10.4515 1 0.297189 0 31138.6 0
44.4319 0.0532548 0.194769 9.18897 1 0.196753 0 39363.7 0
7.31834 0.646138 0.71337 6.86666 2 0.916349 0 15618.8 1
26.487 0.75396 0.305673 8.10678 2 0.521043 0 25743 0
16.7547 0.446821 0.115787 10.0491 2 0.867397 0 26925.2 0
23.4687 0.924467 0.918668 3.52992 2 0.879147 0 16698 1
43.5316 0.434858 0.0910672 14.7835 2 0.662496 0 26887.4 0
38.3557 0.468276 0.156652 5.85406 2 0.80813 0 26556.2 0
80.0684 0.306131 0.709037 0.525071 2 0.530534 1 24988.9 0
3.77209 0.472427 0.874203 2.37587 2 0.27308 1 25625 0
20.5084 0.189367 0.786431 8.57601 0 0.855831 0 30408 0
87.1029 0.917234 0.937223 1.24012 2 0.884762 0 14313.4 1
19.306 0.924314 0.946959 9.1258 2 0.0995819 0 20132.7 0
16.9347 0.90228 0.487533 7.18162 0 0.510208 1 23313.9 0
96.3652 0.473495 0.686544 4.78515 2 0.675527 0 20785.4 0
53.4715 0.960204 0.723716 13.8615 2 0.650197 1 11636.5 1
12.4241 0.00820948 0.0727256 1.03778 1 0.543168 1 39160.6 0
82.6685 0.314402 0.881863 0.809809 1 0.895291 1 21008.8 1
47.9507 0.921354 0.569262 5.30015 1 0.025483 0 33796.4 0
41.4686 0.110294 0.577044 6.47526 0 0.854244 1 27074.3 0
67.3116 0.561846 0.852229 4.29853 0 0.180761 1 26768.3 0
41.8378 0.838893 0.0991241 14.4269 2 0.292673 1 21470.1 0
50.3464 0.478652 0.504135 3.68831 2 0.582385 1 20938.5 0
16.953 0.501694 0.265145 4.35301 0 0.957213 1 26151.5 0
37.672 0.0349742 0.252998 13.6015 2 0.216254 0 38724.8 0
26.3894 0.662374 0.644215 14.8915 0 0.811579 1 25328.1 1
76.7815 0.0288705 0.0990936 13.4692 0 0.00943022 0 42988.2 0
90.9482 0.515152 0.011475 3.48552 1 0.304361 0 34396 0
85.9981 0.0594806 0.360424 3.46721 2 0.890347 1 25488.6 0
44.322 0.604053 0.382366 1.24241 0 0.946043 1 21065.5 0
84.7591 0.435286 0.499161 2.54845 0 0.867885 0 24594.8 0
50.7981 0.968139 0.549547 14.9918 2 0.0210578 1 22057.3 0
84.1792 0.0550249 0.685507 13.748 0 0.0332041 0 38437 0
7.81579 0.396405 0.321696 1.36555 0 0.826899 0 31501.6 0
3.90332 0.530412 0.543229 0.536515 2 0.256569 0 28897.8 0
92.3276 0.275613 0.265755 0.570849 1 0.534867 1 31408.8 0
92.5077 0.485031 0.52208 7.93512 2 0.299326 0 26535.7 0
82.6899 0.327494 0.311441 12.4429 1 0.740623 0 26907.8 0
91.1985 0.0838343 0.985443 8.16263 1 0.711692 1 22440.9 0
56.0656 0.487838 0.711264 1.34861 0 0.130833 0 35329.7 0
7.56249 0.0441908 0.509079 7.23884 0 0.864681 1 31605.2 0
87.1944 0.400678 0.187628 11.2723 1 0.572527 0 28030 0
69.216 0.280007 0.18714 5.5089 2 0.397137 1 26174.5 0
20.7221 0.611042 0.264107 4.94766 2 0.446242 1 26261.9 0
19.715 0.559221 0.0537736 5.90487 1 0.86816 1 21519.3 0
18.4301 0.668294 0.39732 3.06024 0 0.329752 0 36019.9 0
13.0222 0.736717 0.18601 3.28318 0 0.117405 0 37151.9 0
57.0147 0.118046 0.223212 3.14035 1 0.311075 0 40595.2 0
70.7877 0.883267 0.772973 5.74694 2 0.378735 1 19675.4 1
34.3852 0.895352 0.632252 9.76806 2 0.400616 0 22864.9 0
1.29093 0.596149 0.548021 13.8464 0 0.184027 1 31289.2 0
94.9583 0.0542314 0.115055 9.91913 1 0.840449 1 26069.1 0
52.562 0.565996 0.607807 5.34822 0 0.168981 0 36427.9 0
69.747 0.20951 0.504105 11.6138 0 0.706717 1 25388.2 0
97.3266 0.719474 0.909177 6.21113 1 0.666402 1 16762.6 1
7.76086 0.645619 0.494522 12.3302 1 0.185125 1 26355.8 0
36.726 0.580432 0.76867 11.9173 1 0.0762963 0 30969.4 0
13.6692 0.893765 0.791406 12.8269 0 0.403577 1 20783.9 0
75.5913 0.515793 0.612781 6.74123 1 0.0592059 1 29608.2 0
65.4683 0.814966 0.0213324 13.916 0 0.846706 1 23665.4 0
76.8792 0.887448 0.16657 1.25294 0 0.233741 1 31514.8 0
27.5491 0.977752 0.290445 5.23927 1 0.286752 0 29482.8 0
59.3707 0.437544 0.348857 4.75585 2 0.896634 1 20696.7 1
61.4063 0.512711 0.0929899 8.10907 0 0.963317 1 19253.9 0
73.2444 0.119297 0.486953 13.7992 1 0.950896 0 26599 0
30.9763 0.784326 0.800653 0.815302 2 0.558794 0 24613.3 1
85.1711 0.673055 0.201483 4.77004 2 0.345225 0 30526 0
64.6748 0.268105 0.815394 11.4174 0 0.472304 1 28395.9 0
40.7086 0.164098 0.562334 12.2446 2 0.526505 1 25178.7 0
33.9793 0.0874355 0.276009 11.7077 2 0.1142 0 38924.4 0
59.5447 0.0674154 0.0108036 4.58007 1 0.30665 1 36574.5 0
1.66936 0.867763 0.593005 8.75271 0 0.556261 1 25079.8 0
70.7846 0.931303 0.200079 3.65444 1 0.774071 0 19606.4 0
43.6689 0.0375378 0.674032 13.9398 0 0.998016 0 30405.3 0
23.8746 0.8034 0.455672 0.921506 1 0.0614032 1 29667.8 0
19.8859 0.567003 0.119144 0.740226 0 0.278329 0 40530.3 0
28.1533 0.0802026 0.121525 6.58101 1 0.541337 0 36234.1 0
23.4321 0.510788 0.532792 13.3048 2 0.194403 0 30915.7 0
92.8312 0.873104 0.763176 11.9114 1 0.984588 1 11794.9 1
37.0464 0.741081 0.0479751 5.35188 1 0.813288 0 26526.2 0
72.4265 0.993286 0.168645 6.14292 0 0.00549333 0 30755.1 0
32.8013 0.0382397 0.8081 9.57167 2 0.401898 1 31007.9 0
82.049 0.87225 0.451521 7.99692 1 0.365459 1 23369.8 0
28.6966 0.381695 0.12946 8.71151 2 0.180548 0 37198.5 0
45.6801 0.773644 0.434462 2.5251 0 0.0248115 1 32400.1 0
26.0689 0.971892 0.00149541 7.59957 0 0.950804 1 20627 0
90.7346 0.147496 0.0122379 10.6314 2 0.861782 1 28160.4 0
57.4389 0.345775 0.0882595 2.41523 1 0.885495 1 25223.5 0
16.4861 0.550371 0.473708 10.8795 2 0.328135 0 26718.8 0
37.8857 0.0423902 0.11066 6.44688 2 0.5197 0 31157.8 0
54.7349 0.829127 0.9382 10.3893 2 0.6198 0 14580.5 1
96.8566 0.762291 0.0281991 12.2071 1 0.375072 1 25971.6 0
20.9662 0.87109 0.249672 13.0897 2 0.823725 0 21290.7 1
33.8237 0.966582 0.433149 10.0761 2 0.807001 1 15094 1
35.7585 0.778954 0.00332652 8.74538 1 0.591968 0 29719.1 0
53.2975 0.503525 0.643452 0.353862 0 0.714225 0 31261.2 0
91.586 0.463607 0.973754 4.36766 2 0.808283 1 16203.8 1
54.1643 0.259194 0.754967 5.73916 0 0.813654 1 27885.8 0
62.3737 0.98645 0.201086 0.235298 0 0.0828883 1 33564.8 0
38.667 0.12711 0.017304 11.5717 1 0.389203 0 41465.3 0
14.2186 0.148412 0.493637 0.158391 1 0.357738 0 37683.7 0
28.9315 0.906735 0.95526 13.6477 1 0.893704 0 15140.6 1
88.348 0.442457 0.24659 4.21613 1 0.0550859 0 38627.6 0
97.2686 0.195135 0.290384 9.83306 0 0.644185 0 32905.4 0
4.22071 0.182409 0.386761 11.3094 2 0.680898 1 25511 0
92.3704 0.0581072 0.558184 4.01013 0 0.228431 0 37607.5 0
84.0266 0.0234077 0.0501724 7.94244 1 0.225837 1 36138.2 0
39.8968 0.37611 0.979095 0.911893 0 0.257179 0 33381.8 0
