1000
0.316843 0.974517 0.422437 6.31916 0.395856 0.270089 0.619465 0.74456 12.5836 1
0.0816065 0.737663 0.855129 4.83688 0.441603 0.177129 0.222297 0.592822 28.0654 1
0.679647 0.174932 0.868618 4.08704 0.946043 0.298227 0.538194 0.861629 33.2468 1
0.462081 0.346263 0.943297 9.85229 0.115726 0.189154 0.372326 0.717399 31.4274 1
0.183477 0.226173 0.440565 2.73507 0.336222 0.994232 0.389416 0.873074 32.9375 1
0.583911 0.957915 0.841151 1.01077 0.316355 0.0126652 0.414441 0.685751 34.9325 1
0.0958586 0.732047 0.108188 9.729 0.357891 0.890072 0.858425 0.879421 0 1
0.676473 0.290658 0.175787 6.06281 0.749992 0.434645 0.269204 0.892483 8.32414 1
0.764336 0.056032 0.562059 0.913419 0.288766 0.0587786 0.00726341 0.85049 45.6768 0
0.361705 0.884823 0.107517 6.76077 0.921873 0.845454 0.0465712 0.163762 0 1
0.241493 0.446547 0.838466 1.76336 0.51793 0.239418 0.900204 0.750145 50.7487 0
0.279244 0.227943 0.954955 0.112003 0.761132 0.363994 0.671133 0.882504 55.514 0
0.910154 0.161596 0.944365 8.63124 0.170721 0.962065 0.228156 0.661458 22.8136 1
0.711173 0.879971 0.819666 9.62828 0.245643 0.962767 0.506668 0.113071 12.3788 1
0.108036 0.594104 0.482498 9.99817 0.73394 0.67275 0.934263 0.911588 1.36732 1
0.207221 0.597888 0.211615 6.57338 0.027253 0.592669 0.981658 0.726737 23.6663 1
0.753075 0.396619 0.276193 7.72546 0.680593 0.858577 0.838435 0.196814 17.0408 1
0.209693 0.461135 0.674001 1.21677 0.0565508 0.308237 0.213843 0.526139 51.8745 0
0.968169 0.606586 0.994659 8.30256 0.0950652 0.172643 0.262612 0.707663 18.745 1
0.678426 0.996368 0.408032 4.08124 0.207892 0.392438 0.635609 0.370739 20.3559 1
0.706412 0.771111 0.777581 4.09772 0.298074 0.55913 0.655721 0.2537 33.4177 1
0.715903 0.302469 0.898343 7.19352 0.904599 0.481765 0.61861 0.301584 30.762 1
0.375835 0.0720847 0.86053 4.6086 0.471694 0.378124 0.218543 0.388684 53.2607 0
0.192114 0.175604 0.537584 5.33372 0.743675 0.691244 0.0990631 0.666372 26.9203 1
0.464705 0.451277 0.199652 7.71142 0.284219 0.530778 0.528886 0.535508 19.034 1
0.369701 0.23423 0.251717 7.2869 0.121036 0.739402 0.202612 0.244362 32.682 1
0.166265 0.735099 0.0969268 0.910978 0.515366 0.584277 0.166509 0.111148 30.3468 1
0.528794 0.0440382 0.124882 7.09128 0.856502 0.0733055 0.86935 0.371624 33.0072 1
0.00384533 0.759728 0.824976 2.59194 0.681204 0.896786 0.338084 0.651814 21.1674 1
0.592212 0.243019 0.0244453 5.28886 0.818506 0.993561 0.478805 0.0656758 22.7489 1
0.455916 0.496139 0.252022 3.26731 0.659017 0.742546 0.502274 0.937773 16.1926 1
0.750267 0.666402 0.225898 0.176092 0.549516 0.779168 0.47499 0.150822 30.6913 1
0.58092 0.175115 0.467177 6.82852 0.31251 0.43672 0.99469 0.118473 46.5087 0
0.0858486 0.471633 0.0380261 9.05332 0.890774 0.812769 0.991363 0.382946 5.93396 1
0.642445 0.412152 0.405133 1.79662 0.116703 0.460585 0.652852 0.83755 36.9204 0
0.199499 0.263558 0.427778 9.47417 0.607227 0.705496 0.475814 0.574541 17.3203 1
0.734214 0.33253 0.471297 2.57118 0.782952 0.586352 0.441298 0.357677 32.7038 1
0.834254 0.219184 0.645283 0.496231 0.0128178 0.421918 0.315714 0.71984 48.5053 0
0.404859 0.69628 0.166814 0.681173 0.883847 0.00228889 0.0764794 0.685751 22.0764 1
0.500778 0.212806 0.848903 3.93231 0.595264 0.405255 0.462905 0.119572 54.0375 0
0.283303 0.0231635 0.713523 6.03381 0.478408 0.437727 0.651845 0.697745 46.1503 0
0.102298 0.940977 0.730186 5.59771 0.641072 0.702139 0.0585955 0.506272 9.4503 1
0.70336 0.717856 0.678945 8.16584 0.736991 0.287912 0.262703 0.263802 12.8955 1
0.559648 0.0475173 0.13889 6.56178 0.860561 0.0877407 0.0585345 0.168981 29.8939 1
0.329051 0.194617 0.601337 7.49229 0.56621 0.739158 0.631397 0.373272 36.0941 0
0.436171 0.248573 0.70806 4.39833 0.0129398 0.190741 0.857936 0.0784631 65.6942 0
0.779382 0.00256355 0.614643 6.55751 0.234016 0.893796 0.7322 0.259529 42.639 0
0.562853 0.457442 0.478744 4.43464 0.531266 0.618397 0.916349 0.0120853 42.0595 0
0.253517 0.950591 0.0734581 1.28452 0.994781 0.895138 0.416364 0.525193 7.95489 1
0.663228 0.909818 0.525407 1.00223 0.147343 0.0813623 0.382885 0.678854 30.1704 1
0.155614 0.232276 0.178167 2.22571 0.714072 0.0525834 0.037019 0.266884 40.8258 0
0.978423 0.288491 0.580584 8.68679 0.516861 0.518937 0.721091 0.844447 10.7078 1
0.720054 0.551073 0.599872 5.81194 0.493881 0.966521 0.0743431 0.200568 19.287 1
0.892117 0.84875 0.660054 3.57646 0.844295 0.223823 0.333903 0.456099 14.4812 1
0.636097 0.245125 0.105228 5.6032 0.297494 0.653279 0.76043 0.786157 22.1052 1
0.555559 0.542894 0.687796 4.51521 0.50795 0.967376 0.188818 0.767815 18.0511 1
0.673208 0.412366 0.181738 3.53771 0.574511 0.670278 0.704276 0.352794 27.8529 1
0.51268 0.145665 0.121006 4.3495 0.685018 0.124241 0.442701 0.465133 34.3547 1
0.305918 0.035493 0.662618 1.18351 0.885891 0.240944 0.516861 0.223762 63.5143 0
0.32487 0.37907 0.57506 1.18046 0.976501 0.797876 0.0668966 0.790277 28.3275 1
0.338816 0.106967 0.351634 0.987579 0.528886 0.379742 0.436201 0.841487 45.8862 0
0.196142 0.0372326 0.448561 9.61303 0.032136 0.945006 0.472213 0.667135 28.3854 1
0.531602 0.754051 0.648396 7.52495 0.162084 0.0170904 0.952147 0.892514 22.2085 1
0.598102 0.111698 0.548296 2.00537 0.175665 0.500992 0.133854 0.826167 42.8072 0
0.223975 0.363659 0.173162 8.75027 0.430494 0.124454 0.431562 0.432508 22.7457 1
0.894925 0.916227 0.714225 9.72106 0.0294504 0.504654 0.21659 0.929533 0 1
0.960845 0.707602 0.391949 7.24662 0.590289 0.839351 0.743248 0.0113224 11.6124 1
0.968291 0.211768 0.444594 4.37544 0.139866 0.223395 0.19953 0.696005 29.7899 1
0.117038 0.0673849 0.241401 1.47588 0.134068 0.590228 0.882962 0.797998 49.676 0
0.842555 0.331675 0.520829 9.08963 0.602008 0.278085 0.501297 0.0260018 25.0283 1
0.522599 0.359325 0.753899 7.03024 0.415754 0.221595 0.598407 0.705557 32.1762 1
0.30961 0.306467 0.632466 9.73815 0.684805 0.76812 0.104953 0.126591 24.6131 1
0.0875271 0.259468 0.682516 7.87896 0.275613 0.119022 0.0142521 0.516312 32.4718 1
0.553972 0.988983 0.00231941 6.19861 0.456069 0.396374 0.18302 0.636525 0 1
0.427046 0.328654 0.126011 7.62108 0.665181 0.334056 0.257149 0.006592 26.3778 1
0.777673 0.179235 0.011475 3.60332 0.407392 0.594348 0.722495 0.751061 24.6384 1
0.486343 0.137394 0.153935 0.734275 0.272347 0.70922 0.0806299 0.0720237 51.2156 0
0.825343 0.749657 0.824122 3.58867 0.0791955 0.646901 0.149724 0.347209 29.616 1
0.165685 0.391125 0.431471 3.82611 0.146336 0.00311289 0.490249 0.85229 38.3616 0
0.809198 0.769799 0.0126041 5.5446 0.685812 0.81756 0.955687 0.108615 9.26212 1
0.945494 0.0549333 0.844478 6.88131 0.322764 0.0153203 0.368419 0.856105 33.2552 1
0.734031 0.63152 0.182623 7.86462 0.740226 0.473281 0.320566 0.650563 0 1
0.511185 0.478713 0.124546 4.5146 0.448439 0.711447 0.0996124 0.0864895 25.7873 1
0.122227 0.174017 0.59798 9.19675 0.679434 0.20951 0.739311 0.644887 27.8021 1
0.378338 0.522111 0.474044 7.22007 0.406598 0.348125 0.195257 0.165593 29.6511 1
0.638722 0.80871 0.805689 9.69237 0.489181 0.975311 0.646016 0.945219 0 1
0.517533 0.679525 0.190893 2.6191 0.941801 0.59798 0.918638 0.459578 21.1122 1
0.716025 0.644185 0.260994 2.25715 0.32899 0.198157 0.0394299 0.711661 20.0471 1
0.979492 0.205115 0.293863 6.71407 0.284829 0.674642 0.910031 0.203864 29.9959 1
0.179235 0.611469 0.95233 3.80078 0.157323 0.909146 0.10773 0.536088 35.7891 0
0.519913 0.237892 0.147313 5.13413 0.777978 0.457839 0.811701 0.62801 25.3176 1
0.87112 0.588702 0.026307 6.48671 0.356395 0.867763 0.853481 0.566973 5.15433 1
0.224677 0.926542 0.0864284 4.38917 0.49971 0.618213 0.89285 0.0805689 22.8977 1
0.276803 0.526414 0.412824 8.98221 0.35725 0.687124 0.71868 0.634419 17.3219 1
0.134739 0.554521 0.0419324 3.11686 0.88992 0.742485 0.674612 0.154454 24.4306 1
0.149205 0.572283 0.449873 7.70806 0.264809 0.958769 0.209845 0.375134 16.7248 1
0.87112 0.66512 0.165441 3.33415 0.374737 0.458327 0.555071 0.811609 11.0446 1
0.133732 0.196356 0.508713 8.08985 0.482742 0.377819 0.522996 0.357555 33.7482 1
0.259804 0.186254 0.454115 1.68676 0.991699 0.559526 0.434339 0.508011 41.3429 0
0.393414 0.315867 0.618793 5.80615 0.338664 0.867916 0.168493 0.206732 37.4043 0
0.95706 0.555803 0.375896 0.699484 0.0145878 0.130802 0.339366 0.318979 41.0914 0
0.233741 0.420362 0.0927763 8.04041 0.708884 0.706137 0.596179 0.729301 7.47942 1
0.0740074 0.846278 0.4944 0.0259407 0.578661 0.672964 0.0491653 0.0638752 33.7066 1
0.727927 0.696646 0.151494 4.72915 0.643635 0.648152 0.820399 0.0385144 20.6821 1
0.802087 0.88995 0.0939665 7.6989 0.305338 0.227699 0.719626 0.431166 3.75826 1
0.341685 0.153783 0.549059 9.81323 0.991913 0.0531327 0.0448927 0.679464 17.5439 1
0.0375683 0.403912 0.804682 1.37944 0.927458 0.502884 0.508591 0.103519 48.6641 0
0.558306 0.7481 0.197668 2.48695 0.0266121 0.00875881 0.287912 0.753655 26.2026 1
0.00701926 0.114994 0.22718 9.60814 0.914151 0.997314 0.200903 0.882778 0 1
0.503677 0.508164 0.79284 8.44935 0.0693991 0.456221 0.00708029 0.0442824 34.7722 1
0.891964 0.884823 0.558 3.05368 0.0958892 0.125767 0.833369 0.814753 22.9576 1
0.571306 0.659871 0.438185 1.15238 0.115818 0.315195 0.724601 0.141301 49.6151 0
0.453993 0.834742 0.214209 5.76525 0.289529 0.344127 0.31962 0.314585 17.9866 1
0.0471511 0.751335 0.270608 3.05277 0.460189 0.608936 0.651967 0.56621 20.8601 1
0.659841 0.47087 0.458754 6.41896 0.923154 0.274239 0.0754418 0.291482 16.9304 1
0.734947 0.777947 0.0852077 6.86087 0.320658 0.58919 0.315256 0.897153 0 1
0.306284 0.809168 0.0250862 9.57152 0.661245 0.828974 0.643452 0.273812 0.136326 1
0.580767 0.307352 0.960234 6.79067 0.464248 0.861202 0.179907 0.893918 22.3417 1
0.645192 0.500229 0.742515 6.90725 0.0295419 0.33723 0.318155 0.534043 30.9031 1
0.298471 0.60448 0.882168 9.81017 0.831812 0.508713 0.275948 0.622913 12.7848 1
0.00848415 0.954558 0.160955 8.49025 0.0401929 0.668874 0.771172 0.213782 9.42573 1
0.994385 0.756554 0.370678 6.89138 0.162938 0.219031 0.822687 0.582263 12.1023 1
0.433241 0.467269 0.176122 4.01288 0.816706 0.359874 0.675985 0.448866 26.7341 1
0.792444 0.797998 0.103671 4.26008 0.621174 0.407971 0.853999 0.826685 4.11335 1
0.286477 0.343394 0.654347 4.04706 0.218726 0.737175 0.332987 0.494156 43.1676 0
0.45912 0.835536 0.542253 4.64644 0.418806 0.344859 0.843196 0.0925016 35.5085 0
0.890408 0.0226142 0.05768 1.29307 0.467452 0.0436415 0.294626 0.84872 33.3115 1
0.0285653 0.173101 0.555681 8.5342 0.441969 0.277505 0.327982 0.922788 20.3088 1
0.147252 0.204443 0.0689413 1.8305 0.770287 0.563311 0.990265 0.380718 41.7999 0
0.427412 0.437056 0.0464492 5.41032 0.875637 0.557268 0.5356 0.792108 9.84472 1
0.164373 0.973174 0.21659 6.36769 0.945982 0.746178 0.351115 0.452559 0 1
0.0999176 0.700858 0.575335 5.01663 0.828578 0.764 0.00766015 0.231727 16.8028 1
0.879208 0.922788 0.499741 1.49144 0.0495621 0.333171 0.43556 0.0456862 35.6194 0
0.632893 0.610248 0.986175 8.5989 0.958464 0.83108 0.225349 0.954649 0 1
0.684194 0.282052 0.0133366 0.918607 0.997559 0.481368 0.0537431 0.885708 14.4117 1
0.380749 0.508347 0.0310068 0.15595 0.0966826 0.170415 0.234199 0.980407 32.8664 1
0.0518815 0.039552 0.572954 6.74368 0.192602 0.888791 0.392834 0.56737 35.8831 0
0.0904569 0.560411 0.9953 7.69189 0.873592 0.797449 0.269204 0.760155 12.2377 1
0.159948 0.0686361 0.339854 0.690634 0.148839 0.919431 0.641987 0.679586 51.2663 0
0.526566 0.879055 0.322459 4.46272 0.343211 0.456038 0.379833 0.301737 20.2131 1
0.516129 0.252358 0.446059 5.36241 0.116611 0.728385 0.617206 0.930418 29.4713 1
0.0962249 0.649129 0.239204 0.229804 0.60857 0.743675 0.0549944 0.294717 28.6356 1
0.583209 0.6086 0.619221 5.49089 0.707694 0.386731 0.386547 0.271981 25.9327 1
0.474136 0.252693 0.380474 2.50862 0.446364 0.236305 0.84814 0.235145 53.7401 0
0.404035 0.41493 0.807764 9.18668 0.520096 0.00653096 0.895016 0.0256355 44.6373 0
0.227607 0.394177 0.414411 7.81793 0.932218 0.613392 0.00201422 0.550829 10.4476 1
0.226569 0.33375 0.80575 9.18912 0.763237 0.865963 0.589496 0.00683615 32.7165 1
0.441511 0.225196 0.667287 2.92978 0.0655232 0.782952 0.0739158 0.726188 42.3733 0
0.12888 0.537248 0.878018 4.11664 0.882778 0.534074 0.0438856 0.650227 24.5225 1
0.343242 0.46971 0.74868 6.12171 0.394543 0.00643941 0.560625 0.427168 42.7327 0
0.644093 0.832331 0.385052 9.71709 0.185797 0.996033 0.584033 0.134465 7.10172 1
0.927915 0.548814 0.176275 8.42372 0.641377 0.0239265 0.523301 0.626576 2.07318 1
0.385327 0.785638 0.408094 0.11597 0.465651 0.778008 0.912748 0.507523 36.7505 0
0.583056 0.705985 0.00103763 4.87045 0.326914 0.178961 0.212561 0.72869 9.42723 1
0.670919 0.848628 0.374004 9.06949 0.627003 0.0721152 0.734703 0.811365 0 1
0.713889 0.131901 0.432112 5.7506 0.395856 0.543535 0.693533 0.694449 30.8288 1
0.149144 0.482528 0.68041 1.21067 0.310923 0.861599 0.381664 0.207129 48.8775 0
0.368114 0.0895718 0.461837 7.85607 0.841823 0.0432447 0.470748 0.166478 39.9372 0
0.423475 0.283334 0.320658 3.30332 0.51973 0.0456252 0.437239 0.100162 49.6506 0
0.861171 0.0392163 0.490707 5.73321 0.332133 0.582202 0.113193 0.594073 28.6611 1
0.67745 0.106723 0.508744 5.48936 0.242103 0.56444 0.362041 0.264931 42.0019 0
0.400891 0.763359 0.952544 2.93191 0.833064 0.167974 0.87936 0.358074 42.793 0
0.299539 0.193274 0.304361 2.53883 0.0780663 0.524216 0.118625 0.97 38.0364 0
0.712821 0.491684 0.939238 3.25663 0.234626 0.0366527 0.342112 0.896054 37.6221 0
0.508499 0.293252 0.237983 5.10239 0.863979 0.322275 0.796533 0.103061 36.2066 0
0.664998 0.026307 0.825953 2.01483 0.975738 0.777947 0.0138249 0.827113 33.5658 1
0.978057 0.791681 0.935759 0.957671 0.297403 0.771844 0.237159 0.29603 32.8021 1
0.893094 0.866543 0.896054 7.2692 0.669027 0.459914 0.971374 0.0771203 21.7921 1
0.461959 0.833369 0.744469 6.26331 0.562426 0.22718 0.658986 0.0498672 32.7435 1
0.425275 0.333872 0.966094 1.08402 0.726066 0.754265 0.480911 0.00350963 59.8534 0
0.419172 0.447859 0.356639 6.80502 0.954344 0.708609 0.282296 0.859767 5.12488 1
0.307443 0.697165 0.0108036 0.780053 0.982238 0.0611286 0.623249 0.520402 27.2917 1
0.63863 0.67452 0.43556 9.24833 0.504776 0.0274361 0.954527 0.339976 18.8578 1
0.227943 0.297525 0.788263 0.18067 0.321665 0.634266 0.918485 0.223487 68.4038 0
0.864406 0.68746 0.24012 2.38716 0.606708 0.911008 0.774834 0.348949 18.2877 1
0.142735 0.673299 0.464492 0.863063 0.302408 0.705863 0.951323 0.515152 40.9718 0
0.420576 0.92056 0.250008 8.39534 0.639485 0.127567 0.719504 0.114261 13.8277 1
0.900388 0.685141 0.23896 3.40892 0.781304 0.611621 0.995758 0.729453 9.52321 1
0.836421 0.192389 0.790582 4.07422 0.593646 0.611621 0.266732 0.357585 37.5836 0
0.86697 0.640889 0.969237 8.65352 0.539018 0.915799 0.64037 0.256966 16.8792 1
0.471175 0.831416 0.657826 2.10517 0.696249 0.588427 0.0216071 0.419813 23.9669 1
0.551195 0.420759 0.796045 8.93551 0.905057 0.536119 0.413129 0.670064 13.2607 1
0.139164 0.800775 0.743553 2.29804 0.0355235 0.699393 0.341227 0.385937 38.9037 0
0.229347 0.60213 0.768395 9.34843 0.382702 0.868923 0.406507 0.847652 10.5279 1
0.734947 0.823389 0.660207 2.84188 0.186102 0.126957 0.959685 0.210059 42.6124 0
0.570299 0.584704 0.46849 8.98892 0.274178 0.913938 0.902371 0.100284 23.2219 1
0.857936 0.506943 0.365917 1.5537 0.833949 0.719535 0.612903 0.84048 15.9051 1
0.260445 0.715476 0.636677 2.20801 0.305429 0.399426 0.99707 0.295236 49.3444 0
0.437727 0.468978 0.789605 7.13065 0.401288 0.11652 0.663869 0.344554 40.1394 0
0.628834 0.413587 0.796594 9.86084 0.251259 0.907346 0.226356 0.981323 7.15986 1
0.35905 0.461623 0.455794 0.397961 0.671743 0.873409 0.727439 0.0339061 50.6783 0
0.272011 0.295572 0.880001 0.555437 0.56032 0.997894 0.190527 0.514023 49.7479 0
0.0866115 0.496933 0.109745 5.56047 0.415265 0.586657 0.295511 0.589221 15.4129 1
0.679189 0.30018 0.851863 1.90527 0.980102 0.334941 0.179296 0.180517 44.8639 0
0.290292 0.971679 0.342479 1.45054 0.0130619 0.0187078 0.361858 0.185278 42.6834 0
0.857082 0.81344 0.335429 1.77618 0.181829 0.810938 0.796808 0.324595 26.4746 1
0.469985 0.792322 0.215613 2.78146 0.0827662 0.22309 0.0472427 0.616138 23.4758 1
0.955016 0.793603 0.237129 9.53887 0.385693 0.671682 0.586657 0.471664 0 1
0.580645 0.500168 0.886593 1.39378 0.103244 0.669362 0.224403 0.419843 48.5375 0
0.889889 0.896237 0.371502 7.31773 0.985626 0.641591 0.65688 0.45378 0 1
0.657338 0.396313 0.233436 7.50786 0.0397961 0.367962 0.142979 0.00366222 30.189 1
0.971191 0.599139 0.0863674 1.24058 0.174383 0.0485549 0.305063 0.534623 25.8645 1
0.440229 0.666555 0.479995 0.972015 0.968963 0.995514 0.0545976 0.769066 14.5577 1
0.525956 0.327403 0.887814 2.6899 0.568621 0.949095 0.643117 0.534562 43.065 0
0.999573 0.506485 0.820704 2.51473 0.703604 0.0194708 0.837855 0.236488 42.5839 0
0.52385 0.578387 0.0649434 9.55199 0.833735 0.253029 0.22248 0.955626 0 1
0.360576 0.246437 0.0457167 4.99252 0.417951 0.823542 0.623188 0.17069 35.6455 0
0.202094 0.0466628 0.315256 7.46635 0.308969 0.848903 0.659078 0.106296 41.8893 0
0.128666 0.476577 0.166051 4.64125 0.272622 0.83224 0.418165 0.705435 19.3345 1
0.690451 0.749138 0.369335 1.07669 0.632496 0.728629 0.258156 0.226997 25.1414 1
0.114322 0.171728 0.0382092 2.3249 0.0394299 0.636189 0.73217 0.468703 45.9184 0
0.63628 0.149937 0.616016 5.28153 0.366161 0.112705 0.639546 0.614582 42.7364 0
0.958098 0.816584 0.989532 4.78744 0.726646 0.116977 0.201575 0.707633 13.5625 1
0.829554 0.285501 0.727317 6.48183 0.620746 0.575213 0.362468 0.747551 19.5551 1
0.755516 0.530534 0.442976 5.90136 0.203742 0.572314 0.214789 0.413373 21.2303 1
0.827784 0.889462 0.283486 3.83343 0.680837 0.168554 0.550615 0.411115 12.3157 1
0.682302 0.192785 0.542314 7.91742 0.826624 0.840815 0.537034 0.446394 19.2994 1
0.581103 0.517777 0.397931 0.495621 0.62978 0.548875 0.517106 0.822138 29.1092 1
0.619282 0.567278 0.77694 2.71615 0.0624714 0.427107 0.935575 0.661214 44.9097 0
0.0571306 0.673635 0.342326 4.88235 0.974883 0.100681 0.389569 0.754051 10.3176 1
0.777215 0.427686 0.606922 3.05673 0.114811 0.626972 0.80459 0.0314035 50.0193 0
0.866207 0.932554 0.171484 1.91046 0.272164 0.0620136 0.735038 0.661977 17.8058 1
0.322062 0.682546 0.0881069 3.82702 0.548479 0.651997 0.790216 0.774895 17.0205 1
0.886105 0.0671712 0.34846 4.25123 0.751518 0.649495 0.184973 0.807642 18.4075 1
0.999878 0.500046 0.497024 3.29386 0.914701 0.754997 0.415601 0.478561 14.3743 1
0.887295 0.172613 0.369488 3.57982 0.941679 0.183203 0.0603961 0.384472 26.6833 1
0.76165 0.433241 0.955901 4.35286 0.375896 0.354625 0.705802 0.223457 47.2334 0
0.157689 0.79107 0.389019 1.82531 0.295145 0.211768 0.996735 0.642476 36.2991 0
0.388592 0.544877 0.0576189 5.7796 0.330973 0.16068 0.812769 0.709891 23.0539 1
0.127934 0.0370495 0.844752 2.42042 0.813379 0.637318 0.568743 0.0133061 61.9284 0
0.116916 0.532517 0.49086 3.47667 0.0400708 0.298929 0.640492 0.382183 44.9209 0
0.996216 0.722434 0.0824305 1.55187 0.671468 0.84051 0.915799 0.235328 17.37 1
0.262978 0.85345 0.664937 1.72704 0.249702 0.43611 0.469893 0.553819 37.2896 0
0.35313 0.481246 0.981262 9.41099 0.843532 0.805445 0.366619 0.478469 19.2817 1
0.84814 0.849727 0.33488 4.44227 0.817652 0.905057 0.58388 0.532487 0.78988 1
0.807093 0.894803 0.578387 1.44169 0.727378 0.24485 0.0644856 0.469283 18.1567 1
0.223853 0.873226 0.226417 6.41285 0.338054 0.829554 0.892209 0.744957 8.22666 1
0.608966 0.616688 0.694327 9.59319 0.769738 0.724937 0.592059 0.616047 5.23124 1
0.696707 0.410535 0.661031 4.55733 0.766442 0.249397 0.556627 0.862178 23.6305 1
0.277169 0.497787 0.557726 3.56731 0.0910367 0.790368 0.596454 0.133641 49.0848 0
0.153294 0.207984 0.180822 9.17447 0.044557 0.245521 0.615955 0.924192 21.4715 1
0.222816 0.711234 0.430464 2.07068 0.110721 0.0893887 0.414228 0.168554 47.733 0
0.685354 0.396802 0.17365 5.1912 0.725608 0.0646687 0.610828 0.465194 23.5619 1
0.374462 0.877407 0.232643 4.06384 0.171911 0.498733 0.696463 0.923948 15.5695 1
0.214637 0.617817 0.498093 3.4135 0.598956 0.244819 0.208838 0.6386 27.3634 1
0.803339 0.18894 0.167486 0.0106815 0.166631 0.248665 0.0335704 0.784631 37.2397 0
0.118015 0.146672 0.108371 1.77587 0.315439 0.739799 0.829676 0.341838 48.1304 0
0.348216 0.535783 0.346538 3.12937 0.16068 0.0479446 0.580554 0.442 44.5807 0
0.852474 0.0188604 0.679464 6.59291 0.0121769 0.044496 0.269753 0.341563 47.4339 0
0.240425 0.630146 0.414441 0.641804 0.0187078 0.208869 0.681753 0.0191961 60.3318 0
0.579974 0.154546 0.231971 3.80657 0.93762 0.319895 0.327647 0.398572 31.0256 1
0.728965 0.131443 0.174078 5.02396 0.0292062 0.772271 0.496078 0.195898 38.7691 0
0.792596 0.483688 0.757378 0.238655 0.0764794 0.517869 0.428816 0.392743 50.1765 0
0.705252 0.771447 0.211554 5.25559 0.529527 0.632374 0.621754 0.333476 12.4972 1
0.93759 0.0710166 0.842647 4.83993 0.774957 0.506394 0.250587 0.448134 34.3058 1
0.32844 0.479049 0.521165 8.07062 0.530717 0.662099 0.72158 0.599933 21.9066 1
0.0421155 0.241066 0.295572 9.93957 0.365398 0.194433 0.347331 0.0579241 28.5926 1
0.650197 0.5056 0.130375 9.20621 0.342814 0.837764 0.14771 0.0948515 8.87713 1
0.338572 0.703055 0.769646 2.4958 0.79162 0.657002 0.775414 0.20951 41.1621 0
0.239692 0.549577 0.724967 4.65377 0.199622 0.364208 0.566881 0.974639 32.3842 1
0.88937 0.675985 0.389019 5.34593 0.233619 0.260018 0.718039 0.509323 20.5651 1
0.808863 0.881741 0.273751 1.90954 0.883724 0.79989 0.585131 0.577074 6.17197 1
0.211951 0.0136723 0.373608 8.45607 0.732902 0.785577 0.110385 0.307993 26.0275 1
0.837001 0.470168 0.653859 1.22196 0.351573 0.181585 0.373028 0.5468 40.2711 0
0.903897 0.329722 0.663961 0.171209 0.817164 0.556627 0.264718 0.825282 29.1138 1
0.196142 0.105136 0.275613 6.8453 0.35847 0.149815 0.290628 0.960021 26.5758 1
0.267861 0.122349 0.546373 8.46553 0.125462 0.562304 0.495071 0.275033 43.1627 0
0.775842 0.524277 0.707541 8.28578 0.0835292 0.0734581 0.512375 0.449538 28.1938 1
0.936583 0.899777 0.27781 2.19153 0.0332041 0.582598 0.742546 0.990387 10.5503 1
0.108219 0.537431 0.30134 1.55431 0.754692 0.174963 0.652181 0.329844 38.2602 0
0.497818 0.304697 0.71102 2.33131 0.277139 0.313578 0.200171 0.548418 47.8697 0
0.993042 0.151646 0.816919 0.416578 0.273629 0.655324 0.38844 0.722129 45.4626 0
0.119449 0.239845 0.91937 3.24503 0.580309 0.492416 0.937925 0.895505 45.6863 0
0.122471 0.696371 0.0473952 7.64153 0.84109 0.818934 0.088992 0.679067 0 1
0.174444 0.992615 0.821955 3.92285 0.277078 0.0221259 0.527696 0.47206 33.8393 1
0.706534 0.94821 0.444105 6.25111 0.581347 0.198828 0.43611 0.310099 11.0024 1
0.865871 0.360057 0.808557 9.23307 0.9382 0.0968963 0.668386 0.337748 21.2397 1
0.0975677 0.256081 0.7416 0.772423 0.16773 0.681539 0.0514847 0.906308 43.841 0
0.851802 0.774163 0.364696 1.17252 0.995636 0.326823 0.810877 0.296274 23.496 1
0.415662 0.666158 0.582568 8.48628 0.44731 0.632069 0.121342 0.0653096 20.7714 1
0.870418 0.426588 0.696585 0.118107 0.367779 0.863094 0.782922 0.020539 52.6422 0
0.173345 0.0468459 0.142949 0.676595 0.0659505 0.018891 0.0213324 0.816492 49.596 0
0.364971 0.393811 0.35612 6.07501 0.0843532 0.522843 0.414228 0.177557 39.881 0
0.900906 0.213904 0.75692 3.88256 0.0934477 0.539171 0.941557 0.745781 42.762 0
0.10889 0.762017 0.865963 9.92737 0.911374 0.914304 0.161534 0.553484 0 1
0.77102 0.055269 0.541795 1.14566 0.648305 0.7434 0.511521 0.120823 51.8606 0
0.830531 0.752159 0.34434 4.68734 0.976165 0.561602 0.733543 0.178594 13.1545 1
0.224036 0.656209 0.023072 3.26273 0.522965 0.160649 0.425245 0.0158391 33.9524 1
0.838404 0.845027 0.130345 6.74764 0.392407 0.0299997 0.715751 0.452406 8.16834 1
0.592883 0.424177 0.759606 0.0332652 0.808588 0.423566 0.0661946 0.43675 42.0718 0
0.646107 0.906095 0.408704 7.12912 0.885159 0.0507523 0.195746 0.268441 5.48546 1
0.72808 0.213935 0.968261 1.51189 0.520219 0.393231 0.132237 0.446028 50.5161 0
0.597278 0.310648 0.834803 2.7308 0.415693 0.646107 0.388073 0.13947 51.6336 0
0.622669 0.452589 0.149174 9.25657 0.221778 0.28431 0.260811 0.287912 15.8628 1
0.490677 0.0687277 0.159764 7.58232 0.806696 0.25425 0.259163 0.322306 26.0755 1
0.0372936 0.264382 0.710776 7.57836 0.65096 0.789941 0.653645 0.513169 26.9041 1
0.205084 0.950163 0.855464 4.0904 0.367138 0.854549 0.152409 0.943052 13.0454 1
0.125217 0.595904 0.594562 4.79324 0.344279 0.206732 0.702048 0.104251 43.8427 0
0.324442 0.609485 0.739402 4.29151 0.51738 0.0921964 0.413251 0.121708 46.1558 0
0.0572222 0.340922 0.900327 4.47127 0.262062 0.559923 0.611744 0.600299 44.0908 0
0.762688 0.711081 0.599841 1.10141 0.414045 0.403607 0.0139164 0.0976897 36.045 0
0.646687 0.465621 0.511032 6.686 0.413556 0.728202 0.0278634 0.221992 21.6137 1
0.388867 0.0539872 0.820734 9.5645 0.575091 0.141057 0.178777 0.354381 38.9875 0
0.974609 0.133274 0.717826 9.26481 0.481765 0.568712 0.660085 0.996765 12.8236 1
0.65212 0.697134 0.00665304 8.10327 0.504868 0.697928 0.00897244 0.744346 0 1
0.0144658 0.829615 0.845119 9.03867 0.448469 0.0422376 0.907437 0.883541 13.4414 1
0.206641 0.084109 0.60802 9.7702 0.318949 0.633503 0.10773 0.614307 26.1313 1
0.257454 0.487411 0.875454 3.09275 0.219398 0.338023 0.483474 0.898068 42.9598 0
0.536729 0.16834 0.545885 3.4962 0.369304 0.798212 0.205176 0.930113 30.5721 1
0.33723 0.611927 0.0745872 0.0167852 0.249031 0.99884 0.0412 0.237556 34.276 1
0.581744 0.538011 0.83697 5.34104 0.869289 0.458419 0.78341 0.401746 31.1167 1
0.65508 0.405499 0.616565 1.1539 0.165685 0.0458388 0.798029 0.406018 56.5193 0
0.361126 0.541002 0.218696 9.74364 0.518418 0.421552 0.701437 0.608325 10.5465 1
0.00482192 0.89288 0.208533 1.85064 0.396558 0.103946 0.160863 0.338969 23.7702 1
0.599353 0.410047 0.774346 0.771508 0.127689 0.160985 0.820276 0.123173 67.0981 0
0.197943 0.0459914 0.715873 2.70821 0.792566 0.526414 0.351024 0.528703 48.5555 0
0.351085 0.387585 0.557665 3.37138 0.244392 0.941221 0.627827 0.638661 38.8169 0
0.688437 0.909085 0.787194 0.831019 0.253548 0.520035 0.0293283 0.148991 36.5194 0
0.625965 0.850887 0.218238 4.61898 0.777093 0.942625 0.864071 0.0913419 14.1932 1
0.197851 0.723594 0.479232 1.07822 0.353191 0.27015 0.921049 0.180425 50.2018 0
0.0137028 0.436872 0.626392 4.96811 0.620746 0.386731 0.145756 0.78695 21.3315 1
0.340403 0.0532853 0.882076 7.31254 0.963897 0.0656453 0.44084 0.535081 41.8892 0
0.309214 0.167333 0.498062 9.50285 0.281564 0.661 0.591815 0.525254 30.828 1
0.24781 0.909238 0.743858 3.64971 0.881985 0.423841 0.317881 0.181738 27.683 1
0.137333 0.57384 0.0199286 9.18485 0.502182 0.443892 0.44789 0.725303 0.37669 1
0.194403 0.87466 0.0960112 5.71093 0.452559 0.215644 0.220801 0.270852 14.2818 1
0.578112 0.822626 0.47438 2.10517 0.886471 0.830012 0.711753 0.550157 17.4483 1
0.222083 0.23011 0.87814 1.86987 0.194617 0.79046 0.382641 0.259438 61.3054 0
0.791589 0.839778 0.864498 4.73434 0.524705 0.454787 0.758049 0.032075 32.5824 1
0.765374 0.0784326 0.563005 4.50545 0.425886 0.101169 0.225898 0.036256 50.2172 0
0.642872 0.43611 0.539018 3.17087 0.618427 0.619831 0.963408 0.197516 41.5361 0
0.276223 0.46971 0.781701 1.24912 0.888028 0.829218 0.987609 0.0466018 54.6513 0
0.327189 0.432173 0.817499 4.39283 0.105533 0.417646 0.331339 0.191961 53.3772 0
0.849361 0.526261 0.948393 6.23768 0.37141 0.509537 0.344096 0.417493 27.9044 1
0.994903 0.78338 0.615101 7.50694 0.285257 0.856868 0.117466 0.405103 2.6068 1
0.84695 0.567705 0.885495 1.36052 0.340373 0.655599 0.0362865 0.082522 42.709 0
0.376324 0.704825 0.0676901 4.99863 0.44319 0.98706 0.454207 0.595782 9.79467 1
0.523789 0.235878 0.448622 7.51183 0.557939 0.884365 0.494552 0.90701 14.4774 1
0.406934 0.796381 0.156926 3.98297 0.47615 0.0238044 0.976043 0.0169073 37.2015 0
0.652272 0.620014 0.151616 5.83911 0.711081 0.0412915 0.463607 0.812769 7.17069 1
0.85229 0.167699 0.335093 7.45293 0.51738 0.473769 0.444258 0.540666 19.3972 1
0.147313 0.381451 0.791528 8.99411 0.0355235 0.32548 0.627735 0.903439 28.7719 1
0.932951 0.563219 0.150151 5.53087 0.561419 0.25956 0.372265 0.783197 3.89666 1
0.691519 0.878872 0.0735496 2.38227 0.940855 0.41438 0.235572 0.589129 2.44414 1
0.949614 0.487075 0.870876 6.71865 0.0890835 0.844874 0.650349 0.229926 31.777 1
0.359874 0.293222 0.236122 5.41368 0.635456 0.589038 0.725303 0.711722 26.0836 1
0.908078 0.328257 0.111576 9.14609 0.692679 0.359294 0.170721 0.360424 3.29957 1
0.245125 0.752709 0.675924 2.75094 0.751579 0.859004 0.349498 0.669668 21.8248 1
0.144169 0.485458 0.457472 1.82165 0.700613 0.723594 0.45262 0.773278 27.3197 1
0.082522 0.457808 0.572741 5.56169 0.970275 0.0873135 0.800226 0.543046 28.4 1
0.948851 0.492172 0.0893277 5.88458 0.802759 0.774438 0.267159 0.311319 3.05008 1
0.874966 0.806238 0.514634 2.76742 0.646443 0.115635 0.833979 0.218665 29.4175 1
0.19306 0.141636 0.408704 5.85101 0.675344 0.389538 0.262459 0.186529 39.1016 0
0.517747 0.518021 0.122837 2.29255 0.43379 0.889004 0.896695 0.514878 28.956 1
0.95294 0.611835 0.66277 0.866726 0.605823 0.612629 0.588549 0.104923 37.8148 0
0.423933 0.760399 0.67684 2.31697 0.909879 0.581042 0.748772 0.306711 33.1902 1
0.134587 0.590564 0.569475 5.95691 0.118046 0.778466 0.522477 0.391797 30.3271 1
0.149113 0.272897 0.73928 2.52297 0.201025 0.718925 0.0900906 0.650868 43.691 0
0.0992767 0.400372 0.942442 3.27464 0.597217 0.637806 0.0931425 0.116459 46.2652 0
0.0163884 0.492355 0.780969 5.34745 0.607532 0.308206 0.184973 0.910642 20.576 1
0.288339 0.123539 0.315989 3.35307 0.914792 0.482406 0.706534 0.217475 46.4911 0
0.741539 0.677847 0.806024 7.23136 0.228339 0.958159 0.487167 0.880978 9.50566 1
0.84814 0.727195 0.570208 6.35304 0.0535295 0.270089 0.77047 0.627461 21.2181 1
0.0578326 0.0356151 0.976684 9.86938 0.586352 0.00631733 0.264901 0.91345 29.5353 1
0.255135 0.188086 0.555773 3.31492 0.732719 0.749687 0.319773 0.398175 41.3774 0
0.341166 0.844356 0.23838 1.4594 0.253212 0.644032 0.225867 0.0413221 35.4292 0
0.940916 0.617878 0.719169 7.40867 0.0326548 0.585955 0.641255 0.825617 14.3535 1
0.235023 0.579852 0.944853 7.95495 0.474502 0.0408948 0.142125 0.104465 38.1426 0
0.917081 0.387921 0.7275 5.18143 0.0202948 0.484787 0.898618 0.574786 37.3646 0
0.275399 0.0402539 0.482894 4.31166 0.794519 0.470229 0.475326 0.874416 35.6681 0
0.400311 0.254341 0.0936613 7.81121 0.37373 0.318033 0.75753 0.804926 21.4936 1
0.515946 0.470992 0.897671 5.73992 0.681417 0.433668 0.00146489 0.179266 34.1564 1
0.437452 0.483077 0.801172 2.35298 0.00735496 0.248573 0.0105899 0.294382 53.3453 0
0.152867 0.689688 0.51735 8.95383 0.152226 0.786554 0.436048 0.02884 23.487 1
0.53032 0.974761 0.929319 2.99265 0.697043 0.855281 0.20249 0.565661 17.4624 1
0.149907 0.211219 0.578509 3.42143 0.397748 0.862606 0.0589618 0.739647 33.1719 1
0.260872 0.389813 0.277993 2.29347 0.704855 0.258034 0.254677 0.0103458 45.3892 0
0.863491 0.372875 0.850795 2.61513 0.407666 0.599109 0.339671 0.0596332 46.8124 0
0.916135 0.273446 0.99295 2.44819 0.404218 0.242805 0.0906705 0.0142827 54.1181 0
0.66744 0.459059 0.262062 5.26048 0.595477 0.661916 0.561968 0.293619 22.5352 1
0.113163 0.180639 0.190435 6.52852 0.904965 0.386486 0.260933 0.0823084 28.5911 1
0.578356 0.826502 0.523453 6.58742 0.423414 0.570269 0.449141 0.427931 14.2235 1
0.424207 0.801111 0.582629 9.73479 0.678152 0.182043 0.567858 0.963591 0.344768 1
0.880276 0.0291147 0.754234 9.57976 0.0276803 0.822077 0.788995 0.255562 38.0092 0
0.00143437 0.0842921 0.102237 0.646077 0.181219 0.163457 0.690786 0.776177 48.6379 0
0.749901 0.943297 0.106876 6.22456 0.843257 0.0186163 0.0586566 0.501175 0 1
0.202216 0.364544 0.527757 2.47139 0.482955 0.0306711 0.811029 0.132481 58.1586 0
0.881436 0.892453 0.392163 8.7637 0.228858 0.989837 0.0498672 0.946013 0 1
0.213965 0.485855 0.108341 4.29792 0.888394 0.774773 0.236824 0.263985 18.9916 1
0.111728 0.772362 0.70394 0.942717 0.0921964 0.919065 0.493698 0.552995 37.6178 0
0.679159 0.927 0.18891 2.34107 0.563952 0.802667 0.0283822 0.146306 12.2336 1
0.0451979 0.176122 0.0442518 9.26084 0.514695 0.468184 0.68569 0.591723 15.343 1
0.320353 0.926511 0.835017 1.19633 0.162389 0.0623798 0.622944 0.624195 45.5949 0
0.678793 0.519028 0.948546 4.22132 0.376598 0.902615 0.110874 0.76339 24.3261 1
0.565233 0.607746 0.45793 5.08805 0.447798 0.168035 0.459517 0.536515 25.825 1
0.0270699 0.16364 0.110202 1.58116 0.982055 0.216285 0.0687277 0.325816 34.37 1
0.171453 0.103763 0.43968 9.11863 0.92053 0.524674 0.604236 0.841365 15.9143 1
0.747185 0.544877 0.00604266 3.60149 0.683981 0.256691 0.298196 0.218513 19.8115 1
0.851863 0.682485 0.757927 0.51912 0.442305 0.453352 0.375103 0.740837 29.8556 1
0.763848 0.294748 0.52092 0.29725 0.50914 0.849727 0.602618 0.187567 47.5477 0
0.899319 0.871456 0.611072 9.90173 0.861232 0.316172 0.967132 0.80636 0 1
0.894345 0.367687 0.572985 0.687582 0.783135 0.924894 0.474807 0.910794 22.0157 1
0.811792 0.583056 0.0431837 2.50465 0.636647 0.641224 0.0771813 0.103275 18.3666 1
0.473495 0.165319 0.738517 4.04492 0.755394 0.640156 0.722098 0.122532 51.244 0
0.917295 0.239509 0.56914 9.44731 0.464278 0.247597 0.529221 0.316294 23.0359 1
0.978851 0.661611 0.877102 1.14597 0.224097 0.507035 0.0911588 0.738914 28.3803 1
0.998962 0.897671 0.799402 8.97641 0.901151 0.370525 0.899045 0.874111 0 1
0.655354 0.527635 0.756432 5.52171 0.161412 0.515549 0.893246 0.982574 27.3317 1
0.91995 0.374218 0.0651265 7.71844 0.990631 0.786096 0.139378 0.0745872 1.7033 1
0.140629 0.256874 0.67745 4.70595 0.338237 0.259224 0.628956 0.507797 47.0053 0
0.248512 0.370617 0.0433058 1.92846 0.887417 0.936491 0.205084 0.209754 28.1121 1
0.0898465 0.290048 0.0992767 1.48717 0.949248 0.060152 0.613422 0.525651 35.4005 0
0.883084 0.598102 0.381542 8.74111 0.482498 0.0548723 0.677786 0.690847 6.97751 1
0.800836 0.14011 0.264321 5.15824 0.238014 0.0938749 0.601123 0.928678 28.5204 1
0.677023 0.902646 0.323099 7.41905 0.0282601 0.290475 0.391125 0.17304 16.7068 1
0.838862 0.517319 0.823054 2.76498 0.121952 0.514481 0.411115 0.41612 40.684 0
0.0638142 0.389904 0.332041 0.603656 0.763451 0.833522 0.0557573 0.680898 25.5616 1
0.661855 0.454146 0.459243 0.357372 0.817286 0.579546 0.551866 0.618915 32.3369 1
0.682119 0.550523 0.718101 5.56658 0.537919 0.0401929 0.884213 0.732933 29.217 1
0.245277 0.430342 0.514847 4.23994 0.464034 0.775231 0.846248 0.224555 42.831 0
0.000488296 0.384655 0.261635 5.45732 0.438124 0.557787 0.215918 0.466903 22.0023 1
0.707297 0.498001 0.615009 2.22022 0.751091 0.941099 0.0565813 0.102206 30.3979 1
0.942778 0.527421 0.838862 0.554216 0.411664 0.449538 0.14246 0.764641 31.8979 1
0.9335 0.406384 0.293069 4.86007 0.541124 0.395337 0.509751 0.427717 20.8926 1
0.51268 0.373608 0.0465407 9.51506 0.892575 0.319742 0.132206 0.377209 4.11563 1
0.202094 0.727073 0.615619 6.72506 0.495682 0.0596026 0.722037 0.808557 21.3849 1
0.419172 0.202765 0.827265 0.625935 0.42613 0.438704 0.655538 0.0496841 70.9838 0
0.808954 0.978851 0.807398 7.63543 0.700156 0.584094 0.0240486 0.408734 0 1
0.701193 0.304239 0.0942106 3.05277 0.294015 0.867702 0.809717 0.646443 27.6559 1
0.692404 0.752861 0.8764 3.91369 0.288675 0.472488 0.186071 0.0740074 36.6786 0
0.352794 0.102145 0.356365 8.08954 0.139164 0.584063 0.94406 0.275826 44.7344 0
0.0584124 0.837428 0.238716 9.63866 0.069277 0.206977 0.0426649 0.456832 4.08484 1
0.948119 0.280374 0.343364 0.408948 0.59096 0.606159 0.284799 0.415448 33.8799 1
0.00555437 0.343211 0.343822 7.89056 0.148839 0.373272 0.117954 0.141148 29.4108 1
0.266335 0.907529 0.630573 9.31394 0.88995 0.11829 0.560106 0.037019 17.099 1
0.149937 0.828089 0.299234 2.00476 0.55797 0.785699 0.250435 0.767632 13.0516 1
0.916776 0.561968 0.263985 9.98474 0.513077 0.595904 0.625111 0.731407 0 1
0.250221 0.422224 0.495743 6.82119 0.876217 0.611896 0.218085 0.158544 25.5368 1
0.963775 0.456923 0.385418 4.73128 0.79873 0.930357 0.0868862 0.833583 0 1
0.832759 0.953032 0.232307 9.93255 0.856899 0.498184 0.363384 0.442885 0 1
0.551744 0.565294 0.857326 4.24299 0.571429 0.554003 0.929533 0.547624 36.6552 0
0.81634 0.0701621 0.341166 2.93527 0.0520951 0.694388 0.218177 0.181188 46.4186 0
0.530259 0.744774 0.887814 8.83694 0.767174 0.565355 0.13892 0.0718711 17.0877 1
0.137394 0.370678 0.812647 2.68105 0.43791 0.178747 0.128819 0.490677 46.9559 0
0.0788903 0.86288 0.655782 9.71007 0.0581988 0.853755 0.328135 0.723777 3.07208 1
0.374981 0.523698 0.420362 2.52419 0.0390637 0.783135 0.881161 0.170232 50.6138 0
0.332316 0.921751 0.93582 0.187078 0.478164 0.224708 0.362011 0.0647908 52.7611 0
0.375652 0.395734 0.34608 3.57372 0.554247 0.31782 0.325388 0.825343 28.0705 1
0.00524918 0.183416 0.723136 6.97378 0.0469069 0.524674 0.982391 0.0256661 55.5041 0
0.878628 0.175542 0.804865 5.94226 0.980926 0.696738 0.00119022 0.993133 9.89966 1
0.0175787 0.294687 0.85876 1.40233 0.395764 0.766137 0.433058 0.0312204 58.5875 0
0.140538 0.499161 0.669851 9.99603 0.240333 0.0621662 0.76281 0.267373 33.2988 1
0.119175 0.41203 0.654317 0.685141 0.392285 0.252571 0.0848109 0.125462 54.9824 0
0.560808 0.574847 0.0974761 7.60552 0.802667 0.910062 0.40379 0.423536 1.09796 1
0.515061 0.326731 0.517228 9.1641 0.765374 0.703513 0.0603656 0.096469 18.9077 1
0.306284 0.308145 0.152318 3.39488 0.311808 0.214728 0.282205 0.543657 38.6162 0
0.49028 0.589892 0.575579 9.5584 0.730308 0.379467 0.859401 0.60152 13.1484 1
0.936491 0.426893 0.432203 5.99292 0.210608 0.554155 0.945585 0.141392 33.056 1
0.0349437 0.637288 0.30311 4.21705 0.613605 0.207007 0.983489 0.292001 31.712 1
0.0284127 0.606159 0.693167 9.28129 0.365642 0.234748 0.755882 0.287149 26.3867 1
0.469314 0.914548 0.144353 6.3683 0.478195 0.903714 0.561205 0.938475 0 1
0.801782 0.59328 0.47438 3.64605 0.692343 0.416425 0.514512 0.732902 16.6531 1
0.0686666 0.00195318 0.1395 1.36876 0.748314 0.103061 0.973113 0.555559 50.3631 0
0.743736 0.332865 0.723289 7.2277 0.779962 0.237678 0.087344 0.0372326 29.9746 1
0.688437 0.739738 0.549425 7.95404 0.834468 0.479751 0.476608 0.527146 4.07413 1
0.234077 0.0917692 0.420484 7.16941 0.516617 0.940489 0.0297555 0.690481 22.1637 1
0.388989 0.352672 0.480728 9.48851 0.758568 0.874355 0.831233 0.731162 12.3561 1
0.170232 0.584216 0.20481 0.869167 0.714225 0.995331 0.211493 0.239479 28.0255 1
0.0608844 0.575457 0.510727 5.21592 0.778832 0.418439 0.923276 0.664693 22.5928 1
0.59209 0.09653 0.998321 7.22892 0.733512 0.226142 0.441816 0.412793 42.4402 0
0.0497757 0.77752 0.312387 1.50822 0.014771 0.659719 0.391095 0.569018 29.1048 1
0.307169 0.612415 0.631184 7.90399 0.109073 0.935575 0.0943632 0.245613 25.4354 1
0.781365 0.0880154 0.279458 3.11747 0.0722678 0.686819 0.250008 0.554491 37.427 0
0.51561 0.937834 0.466903 8.55403 0.174322 0.0295419 0.732322 0.204779 21.5461 1
0.386334 0.52092 0.151341 4.42305 0.668569 0.254372 0.517258 0.725639 20.491 1
0.435102 0.825922 0.0270699 0.0918607 0.686483 0.142674 0.733268 0.313761 32.1196 1
0.325602 0.0998871 0.638142 0.68453 0.257088 0.908139 0.837031 0.306131 66.5106 0
0.925871 0.102206 0.616565 9.93561 0.451582 0.763024 0.914243 0.277657 26.1262 1
0.0150456 0.983489 0.0456557 9.29014 0.65276 0.109745 0.105441 0.763787 0 1
0.115726 0.789422 0.948393 3.25602 0.949553 0.357158 0.156743 0.608203 23.4201 1
0.450728 0.589862 0.900449 1.00589 0.656697 0.36198 0.0956145 0.935514 33.0565 1
0.0251473 0.232551 0.768792 4.22803 0.959105 0.495193 0.0317392 0.748833 26.2204 1
0.833674 0.722098 0.574694 1.22837 0.681448 0.333506 0.0826441 0.152409 29.6938 1
0.192145 0.223853 0.482223 7.28141 0.182745 0.975738 0.424635 0.199499 36.6853 0
0.195044 0.692923 0.911374 1.23203 0.375866 0.98413 0.46849 0.364727 43.5557 0
0.29722 0.127873 0.776391 8.34834 0.871944 0.950896 0.160283 0.641957 22.7666 1
0.0210883 0.449904 0.849055 9.42076 0.250038 0.689535 0.407147 0.266793 27.7332 1
0.788568 0.00640889 0.247047 6.1156 0.451765 0.0513016 0.62801 0.0644551 44.332 0
0.87814 0.700339 0.0470901 2.57637 0.300546 0.366588 0.429487 0.422163 18.3173 1
0.506912 0.743583 0.0233467 3.27433 0.146336 0.511216 0.406568 0.88699 13.2169 1
0.0375683 0.036256 0.510575 7.11112 0.635151 0.598041 0.068392 0.38844 29.9493 1
0.310526 0.170598 0.392529 7.7694 0.603504 0.293222 0.889187 0.0861232 44.3985 0
0.100833 0.0595721 0.215155 0.314951 0.0980255 0.757683 0.483718 0.842433 46.5291 0
0.700339 0.191137 0.425031 4.04859 0.519944 0.213538 0.908506 0.320109 45.3623 0
0.624561 0.506882 0.732353 1.6071 0.89465 0.13538 0.0871914 0.705069 30.125 1
0.444807 0.906064 0.599536 4.31501 0.266121 0.0668661 0.361675 0.0538041 36.8478 0
0.745262 0.374493 0.854274 3.78613 0.216742 0.0619526 0.167577 0.266396 48.0643 0
0.204932 0.738456 0.4279 9.77508 0.51146 0.751457 0.835292 0.683767 4.66881 1
0.804743 0.0435499 0.218726 4.27839 0.86758 0.0342723 0.515519 0.310648 35.7238 0
0.159398 0.558733 0.0802026 1.88818 0.849116 0.394024 0.230323 0.663106 18.7296 1
0.974731 0.405011 0.934355 6.39058 0.886502 0.840236 0.048677 0.241188 17.8336 1
0.629353 0.809565 0.00976592 3.61919 0.421003 0.474837 0.387341 0.626637 8.74102 1
0.882076 0.984497 0.205298 0.556963 0.174322 0.683645 0.436628 0.205481 22.064 1
0.703604 0.630848 0.578051 0.686056 0.543046 0.952666 0.711234 0.515763 31.6301 1
0.233741 0.0674154 0.956664 5.59191 0.118198 0.309458 0.725944 0.220161 66.9986 0
0.86346 0.984771 0.679708 2.81106 0.329844 0.389752 0.796411 0.703635 19.3949 1
0.441755 0.82403 0.458937 9.93774 0.216529 0.128574 0.965056 0.295999 21.0064 1
0.607898 0.780816 0.367626 4.96994 0.319895 0.0769372 0.0516678 0.119877 25.4116 1
0.248207 0.434217 0.953642 2.91574 0.704123 0.342998 0.829432 0.562944 49.3069 0
0.0783715 0.000671407 0.47792 8.64193 0.100528 0.158574 0.325358 0.375927 41.8213 0
0.350261 0.212775 0.277718 5.97705 0.177068 0.0705893 0.246467 0.395032 41.4369 0
0.684072 0.823359 0.25486 3.06131 0.93289 0.757469 0.530229 0.889737 0 1
0.0251778 0.734214 0.489029 3.95062 0.21775 0.470382 0.020539 0.535417 21.9328 1
0.726554 0.750114 0.975982 6.46565 0.376873 0.0999176 0.268441 0.0109561 34.9012 1
0.755333 0.957732 0.490982 6.29505 0.0199896 0.867306 0.457961 0.221473 14.2731 1
0.0251167 0.729453 0.576952 7.34642 0.916349 0.640858 0.456709 0.145878 13.6142 1
0.853053 0.352336 0.657796 8.34742 0.0138249 0.877377 0.991943 0.309671 31.2274 1
0.541581 0.282113 0.276681 5.69872 0.583911 0.188604 0.951109 0.882473 26.3594 1
0.085818 0.0218818 0.459304 2.57393 0.490707 0.532609 0.807733 0.400647 53.9019 0
0.00534074 0.62624 0.202246 4.27229 0.585986 0.0301218 0.172155 0.115177 26.8747 1
0.301279 0.829951 0.0861538 9.81964 0.228339 0.406049 0.467452 0.964141 0 1
0.538408 0.802057 0.014008 9.82025 0.927946 0.0557878 0.729972 0.170293 1.40635 1
0.0520341 0.524735 0.0745872 0.558184 0.115818 0.736717 0.535295 0.464003 36.0843 0
0.280251 0.797174 0.530473 4.3495 0.0387585 0.884548 0.0489212 0.930631 15.7005 1
0.220801 0.864467 0.931608 6.14277 0.778527 0.554674 0.202246 0.483322 17.8173 1
0.0130924 0.671468 0.353343 6.37135 0.396496 0.9888 0.993042 0.960692 6.95175 1
0.645375 0.741874 0.75988 0.0549333 0.203192 0.806024 0.911405 0.8493 36.889 0
0.786615 0.681997 0.492508 2.15094 0.152837 0.819514 0.490585 0.63155 24.9923 1
0.743645 0.309641 0.882839 9.15586 0.362865 0.477798 0.982696 0.758202 26.4691 1
0.543107 0.408155 0.99115 6.95669 0.758415 0.931211 0.159429 0.24604 27.8313 1
0.138554 0.105167 0.469558 4.93423 0.841914 0.723167 0.238044 0.90054 22.7138 1
0.742454 0.876644 0.550493 6.31184 0.587603 0.106815 0.931913 0.163518 23.0925 1
0.283151 0.175573 0.159825 4.75875 0.461074 0.986236 0.626392 0.585864 31.0843 1
0.98706 0.68627 0.155156 7.24235 0.563707 0.482894 0.679678 0.925077 0 1
0.0855129 0.202795 0.689199 3.12723 0.902371 0.12711 0.848506 0.867946 40.3482 0
0.646992 0.133244 0.697867 9.52971 0.783776 0.674429 0.838984 0.378307 26.7538 1
0.533921 0.628468 0.51381 2.91604 0.334147 0.546983 0.982238 0.669668 33.9426 1
0.484848 0.336039 0.604511 6.95761 0.143681 0.899991 0.035371 0.802667 20.5845 1
0.321512 0.779107 0.435621 6.62984 0.0361339 0.312998 0.107242 0.908017 14.2595 1
0.280801 0.360332 0.459243 8.56471 0.963256 0.10654 0.709098 0.0339976 33.1935 1
0.471725 0.990875 0.227241 7.65282 0.0243233 0.283364 0.930357 0.619221 12.1463 1
0.457595 0.344096 0.629444 9.89349 0.61095 0.09476 0.739555 0.590014 24.9171 1
0.962981 0.734733 0.256966 1.49785 0.676138 0.232246 0.410077 0.0834986 25.3104 1
0.705618 0.622578 0.890591 4.23994 0.129185 0.643696 0.0708029 0.794916 24.7373 1
0.35371 0.741478 0.113834 7.05771 0.355144 0.974914 0.382092 0.950407 0 1
0.607746 0.853267 0.0514542 3.90454 0.859218 0.635914 0.336344 0.904599 0 1
0.407575 0.12656 0.232551 7.85211 0.0363781 0.492538 0.183935 0.363414 34.2464 1
0.264473 0.140873 0.579028 1.44047 0.0660421 0.182562 0.484024 0.231574 69.7149 0
0.718192 0.515336 0.518601 3.28135 0.931272 0.0573748 0.280129 0.0852992 33.2565 1
0.918912 0.162542 0.223395 0.906705 0.563555 0.748253 0.401196 0.270058 37.1682 0
0.3343 0.16776 0.973052 9.87396 0.112339 0.357738 0.887143 0.622974 45.2698 0
0.581622 0.29252 0.642964 9.11466 0.339488 0.276131 0.53972 0.820826 22.2343 1
0.384716 0.103671 0.317698 2.53731 0.138707 0.622883 0.598346 0.352367 54.5643 0
0.655934 0.727378 0.0292367 6.87979 0.180303 0.312876 0.540819 0.116306 18.2541 1
0.70336 0.227668 0.620167 5.80828 0.680593 0.7481 0.00909452 0.643696 19.6084 1
0.562609 0.610889 0.732047 0.271615 0.296426 0.133671 0.860225 0.945677 44.1529 0
0.454146 0.454085 0.918668 5.10178 0.144688 0.41966 0.341807 0.986206 33.6896 1
0.365032 0.159215 0.884335 1.86438 0.94702 0.867183 0.393109 0.779595 41.4785 0
0.756188 0.831996 0.847102 7.96228 0.29899 0.239937 0.0706503 0.113285 20.5282 1
0.394177 0.785699 0.027192 1.98492 0.0650349 0.620624 0.0990936 0.895474 15.0342 1
0.308542 0.670248 0.26017 5.31266 0.897763 0.85226 0.546922 0.127567 19.916 1
0.873592 0.225959 0.73513 9.96521 0.882412 0.604724 0.627308 0.502274 13.5005 1
0.0154729 0.662526 0.85818 2.70516 0.306619 0.065981 0.623798 0.625782 41.945 0
0.544359 0.662893 0.240608 5.38957 0.554765 0.258705 0.941221 0.865719 15.0588 1
0.611255 0.0121769 0.81222 1.57079 0.127537 0.981506 0.28135 0.823725 49.5525 0
0.290201 0.85168 0.0594501 9.34812 0.786615 0.375347 0.943815 0.433058 2.62255 1
0.285226 0.557451 0.388989 0.469375 0.823878 0.115146 0.251717 0.681417 34.7318 1
0.762413 0.244667 0.61565 5.68346 0.456252 0.225929 0.102542 0.958281 21.4311 1
0.306833 0.896207 0.575976 6.33992 0.345134 0.524369 0.64391 0.0279244 30.9368 1
0.00479141 0.116611 0.86639 2.2425 0.240883 0.685202 0.0743126 0.626911 48.9374 0
0.650624 0.511155 0.706381 5.74999 0.752342 0.932585 0.568957 0.686636 15.8764 1
0.0788293 0.689505 0.927 2.12653 0.241432 0.356487 0.330485 0.181188 49.5466 0
0.621143 0.894772 0.0839564 6.14582 0.842738 0.854213 0.764794 0.599902 0 1
0.688528 0.257454 0.696127 4.94034 0.607807 0.696615 0.781793 0.0449538 44.4429 0
0.478103 0.674276 0.608417 7.10349 0.774926 0.719718 0.221259 0.954283 1.37339 1
0.805445 0.312021 0.480514 8.04224 0.163518 0.140904 0.403546 0.448775 27.2122 1
0.0612506 0.736656 0.399915 1.57689 0.693808 0.000518815 0.805322 0.305429 37.9253 0
0.293741 0.666952 0.620228 7.79473 0.0310984 0.228187 0.860439 0.554704 33.6486 1
0.415418 0.353648 0.424482 7.14957 0.355663 0.334178 0.885678 0.703238 30.2384 1
0.535203 0.583239 0.113407 0.814539 0.256874 0.725883 0.131565 0.581561 26.1958 1
0.415479 0.306833 0.118778 7.28385 0.753105 0.649159 0.958129 0.816675 14.469 1
0.0541093 0.894192 0.241493 5.22263 0.435926 0.754814 0.135594 0.929746 0 1
0.391461 0.0124516 0.0151677 2.57057 0.739982 0.289926 0.270363 0.0588092 47.9173 0
0.142399 0.130314 0.194098 1.89245 0.33723 0.914396 0.355602 0.306345 44.3699 0
0.753441 0.646626 0.366741 1.98004 0.656606 0.142064 0.447096 0.711966 21.889 1
0.484542 0.64449 0.693991 5.70299 0.52852 0.407514 0.464064 0.850063 19.3818 1
0.616504 0.270119 0.772332 4.11115 0.954497 0.757134 0.114902 0.0524918 36.8899 0
0.782586 0.736747 0.622211 6.7861 0.00143437 0.165654 0.947996 0.256233 33.009 1
0.425886 0.95352 0.801355 8.44172 0.821558 0.477645 0.52739 0.475967 8.23334 1
0.381146 0.779443 0.642964 1.7774 0.796442 0.973754 0.733757 0.901852 20.1372 1
0.581927 0.902188 0.619037 6.57826 0.807031 0.562181 0.190008 0.622028 1.674 1
0.892514 0.342174 0.828639 5.06729 0.627766 0.595172 0.81225 0.970519 22.5993 1
0.0649739 0.581256 0.611255 3.50658 0.446425 0.310343 0.485336 0.499527 34.6302 1
0.821375 0.316813 0.284921 0.04944 0.508499 0.897031 0.863826 0.577471 36.1093 0
0.0604877 0.840602 0.00961333 8.84182 0.886685 0.187719 0.297708 0.611408 0 1
0.19013 0.0425428 0.775597 0.372021 0.375561 0.9747 0.883267 0.894711 56.4802 0
0.584002 0.0398572 0.516465 8.07642 0.510971 0.951018 0.6386 0.0797449 36.8406 0
0.163762 0.430769 0.347667 1.18625 0.714713 0.2772 0.804743 0.275674 46.788 0
0.106113 0.173467 0.929746 3.83343 0.56386 0.772759 0.271249 0.770867 39.1225 0
0.674795 0.0900906 0.95642 0.397961 0.185492 0.732139 0.126988 0.380657 61.2889 0
0.177557 0.995605 0.768181 7.11386 0.776177 0.366619 0.336009 0.420057 11.3551 1
0.0483108 0.451552 0.0902432 9.91699 0.246376 0.870479 0.538194 0.301401 10.427 1
0.0540483 0.145177 0.896176 8.54823 0.990173 0.112339 0.975127 0.75689 31.642 1
0.627003 0.893277 0.395825 6.90573 0.779565 0.951781 0.540849 0.686392 0 1
0.321482 0.270943 0.148839 9.64537 0.784295 0.180548 0.957762 0.630024 18.89 1
0.3961 0.86578 0.302957 5.0322 0.716086 0.089114 0.0770898 0.86578 4.89004 1
0.520737 0.156377 0.95706 4.04309 0.0984222 0.657979 0.305033 0.132237 60.2553 0
0.608478 0.0167241 0.649709 5.71734 0.660878 0.374065 0.153356 0.976287 27.5249 1
0.77282 0.844752 0.972289 8.75851 0.85876 0.672292 0.915159 0.725517 3.40822 1
0.409558 0.316233 0.307291 9.38658 0.517624 0.00173956 0.465651 0.0862453 31.4578 1
0.403851 0.76397 0.691733 5.43748 0.602802 0.517289 0.188086 0.365917 22.8737 1
0.462294 0.181463 0.8052 6.71834 0.113865 0.395764 0.0243233 0.32078 45.4212 0
0.569933 0.851894 0.0833155 1.60466 0.104343 0.777642 0.650868 0.628681 20.4903 1
0.572283 0.602008 0.956053 9.89624 0.826014 0.333232 0.779321 0.986541 8.2663 1
0.882382 0.681051 0.210761 1.91412 0.998596 0.454176 0.582446 0.833155 6.03433 1
0.312693 0.264626 0.480728 3.85632 0.20423 0.0697958 0.24485 0.696799 44.6041 0
0.0323801 0.583728 0.858333 9.39787 0.407025 0.0886258 0.638783 0.167852 32.148 1
0.64922 0.678457 0.63329 7.54051 0.597583 0.464675 0.12476 0.496536 10.4125 1
0.416486 0.777032 0.156011 6.71712 0.562487 0.888852 0.477676 0.815455 0 1
0.565172 0.299722 0.825983 5.14206 0.778893 0.105472 0.937254 0.987335 33.6861 1
0.76104 0.487747 0.204657 7.41264 0.434065 0.853603 0.383984 0.0776696 15.2415 1
0.686483 0.657094 0.25425 7.36076 0.569842 0.433424 0.639943 0.452437 10.0291 1
0.747673 0.0774865 0.700644 7.15384 0.352275 0.897732 0.894498 0.500534 35.9461 0
0.906552 0.476394 0.521805 2.64779 0.465987 0.868221 0.255013 0.981719 13.3136 1
0.637928 0.167669 0.561083 4.98825 0.6339 0.97705 0.422864 0.999054 19.4368 1
0.0114444 0.80578 0.265481 8.46095 0.261635 0.933073 0.494034 0.596667 0 1
0.898618 0.764397 0.548906 4.59365 0.207099 0.213416 0.884884 0.982421 16.2527 1
0.304788 0.140599 0.780389 2.50923 0.674978 0.379742 0.383007 0.375439 56.1656 0
0.826411 0.383557 0.89758 5.52568 0.236305 0.019715 0.323099 0.479019 39.2485 0
0.232765 0.54857 0.644795 4.00739 0.973022 0.313486 0.887478 0.577898 32.6586 1
0.173254 0.175817 0.93643 4.46883 0.747337 0.224891 0.532121 0.261299 54.1489 0
0.00918607 0.79458 0.345164 4.92386 0.596515 0.318064 0.537309 0.77044 10.314 1
0.771081 0.0516373 0.715354 6.48762 0.252266 0.198767 0.683493 0.971007 35.5166 0
0.240364 0.465773 0.901212 1.22959 0.785211 0.580767 0.0519425 0.951109 33.0809 1
0.156835 0.806207 0.630055 6.2743 0.374554 0.977294 0.950743 0.243751 25.9698 1
0.550279 0.0966826 0.490738 4.15174 0.202551 0.017365 0.965239 0.674642 52.4011 0
0.197699 0.244453 0.0468459 9.40062 0.474013 0.387402 0.13422 0.83459 7.02164 1
0.205359 0.294015 0.0749535 1.41911 0.560839 0.397259 0.250435 0.177404 43.0996 0
0.715812 0.306131 0.927885 3.5667 0.271676 0.172033 0.286416 0.742485 42.5764 0
0.739799 0.861721 0.023072 8.51588 0.246223 0.468215 0.945311 0.502426 1.29527 1
0.113407 0.19071 0.455855 9.8526 0.47499 0.115146 0.33665 0.335673 28.4829 1
0.580187 0.926084 0.737632 9.9295 0.943693 0.081576 0.777093 0.624287 1.8919 1
0.997894 0.482498 0.659261 3.96619 0.402753 0.166784 0.716208 0.476485 32.7771 1
0.670766 0.0605792 0.279305 0.401318 0.262001 0.31724 0.787378 0.574328 54.4342 0
0.806574 0.275491 0.0372631 7.49474 0.610004 0.567888 0.983398 0.646382 11.9423 1
0.0983917 0.411023 0.992004 6.17725 0.358776 0.60857 0.957335 0.565416 41.7432 0
0.431959 0.298471 0.18479 9.15433 0.513199 0.975494 0.448378 0.0709861 20.2506 1
0.71746 0.82049 0.127812 6.25629 0.565508 0.867489 0.832514 0.11713 9.64849 1
0.846675 0.0399792 0.417371 6.04022 0.0149846 0.587603 0.798334 0.845088 33.0746 1
0.774957 0.954222 0.472091 3.64147 0.012421 0.609363 0.147862 0.1807 21.9763 1
0.728294 0.873409 0.396313 4.87594 0.129551 0.268258 0.722373 0.0574969 29.9782 1
0.535386 0.424818 0.968322 6.59047 0.2537 0.0781274 0.452986 0.263955 46.8068 0
0.0845668 0.181738 0.753624 3.26487 0.607227 0.672567 0.536607 0.916349 36.7221 0
0.905972 0.917203 0.343211 9.86419 0.892209 0.371258 0.736686 0.556352 0 1
0.878353 0.482925 0.716941 0.938444 0.559771 0.371563 0.809015 0.873775 33.9711 1
0.0613422 0.313364 0.731681 5.97705 0.204718 0.564714 0.0523698 0.0540483 43.2532 0
0.652425 0.554521 0.734703 1.00711 0.0851772 0.977355 0.984588 0.751091 41.7614 0
0.0688192 0.817774 0.301828 6.44826 0.766869 0.837916 0.142888 0.684805 0 1
0.15479 0.558916 0.100955 1.21097 0.89288 0.268014 0.0102237 0.863796 15.4675 1
0.513321 0.0820338 0.880062 3.05094 0.0780358 0.598895 0.0655232 0.432997 56.5568 0
0.9635 0.16831 0.580584 5.16831 0.928587 0.312723 0.959868 0.146428 37.4016 0
0.122227 0.330058 0.575823 9.06156 0.186499 0.609149 0.817011 0.464705 30.8616 1
0.111576 0.689566 0.0340281 3.62621 0.999298 0.596606 0.659322 0.277779 15.4286 1
0.390606 0.483016 0.406873 0.509964 0.31431 0.108676 0.958525 0.252602 59.0367 0
0.712333 0.189367 0.0425123 5.71123 0.398389 0.145756 0.31138 0.805719 19.3549 1
0.206 0.284341 0.924162 7.43187 0.482376 0.941099 0.240669 0.70101 27.5173 1
0.583972 0.61919 0.532975 0.178228 0.530595 0.652425 0.120762 0.272256 37.149 0
0.473678 0.424757 0.836787 5.1146 0.135411 0.678335 0.228584 0.270913 43.2288 0
0.874844 0.940245 0.402997 6.66219 0.536882 0.599719 0.919248 0.338572 6.73977 1
0.741356 0.667226 0.637135 5.35142 0.767052 0.746055 0.926847 0.104892 26.0488 1
0.688375 0.248482 0.145878 6.92495 0.919675 0.386914 0.790368 0.910001 8.96014 1
0.824366 0.971984 0.225684 7.68761 0.544603 0.548296 0.40437 0.152226 0 1
0.70806 0.899655 0.475692 6.10889 0.167547 0.454176 0.694784 0.260903 20.7111 1
0.430586 0.621509 0.536271 0.673849 0.934355 0.5927 0.41966 0.293802 35.8251 0
0.822504 0.634297 0.952147 3.98511 0.380596 0.407727 0.0950346 0.159917 35.5744 0
0.785607 0.345561 0.160772 3.11411 0.326243 0.615314 0.0456252 0.467116 23.8613 1
0.750328 0.702628 0.605609 6.20289 0.895108 0.144871 0.580676 0.994781 4.45393 1
0.257424 0.446242 0.974364 5.31602 0.659261 0.705832 0.294626 0.791406 29.4714 1
0.665273 0.989746 0.562273 5.54125 0.90878 0.978851 0.493118 0.897336 0 1
0.98175 0.922819 0.76043 0.341502 0.0460219 0.432356 0.743492 0.692404 31.4375 1
0.821223 0.140416 0.668966 3.15744 0.105533 0.763909 0.550768 0.868587 38.1839 0
0.48674 0.59682 0.835475 5.25681 0.398144 0.966582 0.158422 0.0275887 34.6941 1
0.176946 0.684256 0.118168 9.83795 0.28077 0.0203253 0.474044 0.903714 2.11213 1
0.318247 0.237068 0.674276 2.38075 0.0508744 0.208625 0.120182 0.211097 62.9968 0
0.0215461 0.160527 0.0731834 7.24815 0.966094 0.0595111 0.610248 0.116947 28.0114 1
0.664632 0.684744 0.534837 0.537431 0.388501 0.912259 0.648976 0.338633 36.0165 0
0.598987 0.243416 0.292917 9.18241 0.0544755 0.108707 0.558611 0.866787 21.3751 1
0.981903 0.978118 0.0832545 6.30421 0.468978 0.809656 0.829371 0.312571 0 1
0.733451 0.866787 0.757042 2.8135 0.425245 0.436262 0.795404 0.880734 21.6258 1
0.618549 0.477859 0.0189825 5.26231 0.64919 0.736534 0.435469 0.966918 1.79913 1
0.454085 0.349193 0.290872 9.94415 0.569018 0.476577 0.298776 0.380535 14.5035 1
0.440718 0.991852 0.699576 3.24686 0.209754 0.757134 0.555803 0.192328 32.6749 1
0.620197 0.519089 0.190466 8.25465 0.212745 0.954985 0.173894 0.207038 11.9259 1
0.457106 0.900266 0.76577 7.59789 0.980224 0.289193 0.218329 0.0610981 15.7377 1
0.546159 0.839656 0.847621 2.55531 0.944731 0.0128178 0.277841 0.94525 18.7479 1
0.443983 0.280465 0.766564 8.40724 0.963866 0.229041 0.0155339 0.952208 13.1787 1
0.626392 0.533769 0.374737 6.03473 0.839564 0.332621 0.844661 0.0492569 28.3914 1
0.570208 0.032197 0.784143 9.77264 0.962859 0.0764183 0.729301 0.676168 28.5575 1
0.960448 0.709189 0.229987 1.51036 0.0831935 0.262703 0.110294 0.967406 13.4639 1
0.022187 0.00244148 0.0589007 1.04465 0.203192 0.0596332 0.955962 0.600208 56.3258 0
0.977874 0.483322 0.84228 2.67953 0.597949 0.942564 0.937742 0.267037 36.3917 0
0.628986 0.110355 0.61446 8.07886 0.959716 0.260506 0.731285 0.773247 23.0093 1
0.0633564 0.108402 0.236091 5.36729 0.667379 0.427595 0.441877 0.759728 25.5726 1
0.487136 0.472457 0.882534 4.48286 0.180975 0.739372 0.155522 0.0506912 46.7187 0
0.181707 0.096469 0.656819 8.77773 0.561388 0.814295 0.614551 0.626179 28.6014 1
0.585833 0.527482 0.328166 2.86966 0.114536 0.660054 0.0184332 0.219764 33.8837 1
0.502701 0.344279 0.195318 6.74459 0.16126 0.365123 0.949614 0.541246 31.8913 1
0.431806 0.161443 0.0745567 6.10614 0.931669 0.41496 0.424146 0.12421 29.3259 1
0.0262154 0.258309 0.413312 8.98007 0.584613 0.633625 0.0677206 0.798883 7.69518 1
0.674398 0.832667 0.528123 8.56258 0.352428 0.749962 0.416242 0.789483 0 1
0.207312 0.879879 0.9682 2.3249 0.810327 0.589251 0.341685 0.437178 30.765 1
0.730491 0.696646 0.00344859 7.3629 0.270821 0.889431 0.602832 0.547563 0.59151 1
0.581011 0.0100101 0.238014 1.99957 0.303598 0.742576 0.521134 0.363414 48.8043 0
0.409589 0.731223 0.348338 3.63567 0.37965 0.661306 0.781396 0.162236 34.1927 1
0.387463 0.334574 0.946593 2.85287 0.641072 0.270119 0.357677 0.479019 50.2659 0
0.538713 0.861476 0.568834 3.76324 0.795495 0.621967 0.563921 0.953825 7.87902 1
0.196905 0.54915 0.788385 0.612506 0.135594 0.139439 0.229865 0.804498 48.1742 0
0.587512 0.0847194 0.454115 0.631123 0.683767 0.181402 0.00180059 0.924284 38.3589 0
0.534623 0.484054 0.0535905 3.13547 0.46144 0.234169 0.768303 0.604511 28.7808 1
0.293191 0.59563 0.201575 4.8796 0.883755 0.72808 0.210974 0.88226 5.31504 1
0.505966 0.229438 0.253121 1.65716 0.279092 0.478805 0.480392 0.512925 44.6595 0
0.285562 0.911008 0.0419019 6.15253 0.533555 0.753929 0.996704 0.56801 7.82565 1
0.42143 0.26017 0.743583 2.0423 0.8605 0.964049 0.375561 0.657674 36.5652 0
0.711997 0.995056 0.863948 4.34767 0.69509 0.979461 0.478805 0.778436 5.14274 1
0.421552 0.5609 0.352245 6.03473 0.713828 0.0714133 0.590228 0.785852 18.4464 1
0.862423 0.384136 0.839625 0.866726 0.979095 0.478683 0.716483 0.492111 39.2691 0
0.101901 0.751061 0.00210578 2.50587 0.208625 0.598651 0.0126957 0.388714 19.2675 1
0.794397 0.31193 0.0491958 9.86511 0.170141 0.804102 0.333445 0.994201 0 1
0.138218 0.209815 0.336924 8.70815 0.200781 0.884365 0.908353 0.826655 21.779 1
0.957976 0.834437 0.106174 9.50255 0.85168 0.111759 0.142857 0.00149541 0 1
0.911252 0.201117 0.34608 1.52074 0.65746 0.933226 0.544298 0.454146 31.2667 1
0.820856 0.954772 0.782159 3.19193 0.0308542 0.286264 0.772301 0.787561 25.6535 1
0.131779 0.998688 0.989685 8.70327 0.282174 0.54088 0.814783 0.744926 13.9667 1
0.493301 0.748466 0.631947 0.851161 0.763817 0.0655843 0.288766 0.307413 38.3917 0
0.465865 0.0109561 0.823542 0.143437 0.139805 0.41905 0.865993 0.41673 76.4323 0
0.353191 0.488205 0.61861 0.151067 0.780419 0.166356 0.823817 0.322825 54.6209 0
0.159368 0.906247 0.624165 9.10886 0.281503 0.320505 0.721 0.556536 13.8083 1
0.670888 0.769066 0.738395 7.76727 0.109317 0.408704 0.19837 0.527207 16.6891 1
0.663472 0.73751 0.0137944 3.49437 0.369823 0.163915 0.904843 0.745445 17.3511 1
0.234382 0.633229 0.645741 0.627766 0.703177 0.841212 0.547899 0.670614 33.8292 1
0.259285 0.0675069 0.0853908 7.07541 0.303537 0.159062 0.0695517 0.18363 38.5213 0
0.974334 0.695273 0.278298 7.16666 0.0632954 0.865993 0.947172 0.684652 5.89044 1
0.683065 0.0938444 0.0275277 0.755028 0.84286 0.93173 0.619098 0.815516 25.7293 1
0.588763 0.266976 0.481979 8.57021 0.864895 0.36372 0.0355541 0.807642 7.7365 1
0.751122 0.773797 0.749596 3.81634 0.234199 0.64861 0.334361 0.454573 25.5596 1
0.168462 0.482467 0.635792 0.0286874 0.581988 0.818537 0.641804 0.709586 40.8361 0
0.984832 0.9494 0.506577 5.17075 0.835505 0.142552 0.99826 0.908475 0.295633 1
0.821802 0.422987 0.276986 1.98737 0.112461 0.443129 0.409131 0.617054 32.084 1
0.235664 0.472518 0.524216 4.60799 0.740806 0.0373852 0.020539 0.103946 37.8386 0
0.299539 0.242164 0.726066 1.395 0.402966 0.30369 0.420209 0.438246 59.418 0
0.31019 0.329783 0.623981 4.04798 0.405622 0.872921 0.0630512 0.212012 41.8151 0
0.620258 0.290872 0.711661 2.95358 0.0740379 0.444929 0.822199 0.888089 45.1415 0
0.59505 0.767541 0.848018 8.78842 0.271737 0.229987 0.66451 0.772698 16.4831 1
0.694906 0.242225 0.995666 0.369274 0.0450148 0.0150761 0.451613 0.613056 65.0696 0
0.681906 0.416883 0.084109 8.75668 0.392346 0.855434 0.865566 0.820185 3.07999 1
0.952147 0.21662 0.998138 7.60308 0.159062 0.390851 0.459548 0.316324 39.5865 0
0.992584 0.418775 0.690909 9.75829 0.0568255 0.787164 0.833827 0.00781274 27.5864 1
0.963195 0.906735 0.422376 0.118412 0.808191 0.30253 0.93643 0.882717 14.1881 1
0.403912 0.548845 0.122562 4.72854 0.416028 0.479019 0.488937 0.733177 18.9173 1
0.066744 0.702445 0.879879 6.13392 0.558214 0.958892 0.537248 0.503586 20.796 1
0.872829 0.34254 0.554125 4.98123 0.107028 0.925962 0.127384 0.262825 29.5583 1
0.994293 0.815943 0.515244 7.87133 0.773797 0.172155 0.106326 0.802087 0 1
0.0613727 0.220038 0.506211 1.45878 0.878292 0.788873 0.0477004 0.85754 26.6373 1
0.494613 0.40672 0.631458 2.80618 0.243385 0.48323 0.302591 0.957915 33.5013 1
0.961669 0.611316 0.470199 5.98315 0.214576 0.519669 0.175329 0.897244 5.27473 1
0.959349 0.706503 0.314585 4.91897 0.804376 0.286325 0.224311 0.832423 0 1
0.520798 0.0810877 0.533128 2.50435 0.962004 0.486343 0.687674 0.00595111 53.7651 0
0.0474563 0.1442 0.0588702 5.94287 0.967833 0.954375 0.0342112 0.0936003 18.3808 1
0.266091 0.453902 0.00274667 8.35231 0.952971 0.0978423 0.639058 0.176946 18.2814 1
0.310739 0.471175 0.391858 6.6158 0.543718 0.963652 0.584521 0.341136 24.8699 1
0.929868 0.938963 0.0326243 5.48479 0.631214 0.929197 0.585803 0.897519 0 1
0.818354 0.885891 0.499252 7.92932 0.265847 0.019013 0.0418409 0.231239 10.8691 1
0.0744957 0.255257 0.246864 1.73956 0.67687 0.846309 0.211158 0.274087 35.5645 0
0.782159 0.159062 0.84991 2.37831 0.416883 0.17893 0.512375 0.601886 50.4917 0
0.717551 0.756676 0.365337 2.08228 0.631367 0.13123 0.950346 0.157353 35.5822 0
0.181524 0.758873 0.820978 5.21287 0.45323 0.980224 0.666646 0.597644 23.7581 1
0.956511 0.556719 0.8287 9.85839 0.522355 0.607013 0.615528 0.267006 14.0767 1
0.38844 0.975524 0.322733 5.6856 0.630177 0.563311 0.364635 0.794641 1.03113 1
0.594012 0.653676 0.423139 8.04163 0.488998 0.762719 0.0207831 0.317026 7.75253 1
0.792505 0.0466018 0.423719 8.30409 0.62682 0.797143 0.280831 0.325785 21.2329 1
0.762841 0.0556963 0.905698 0.484329 0.406659 0.878353 0.607257 0.140355 64.1153 0
0.425764 0.282052 0.975677 4.0791 0.171117 0.404126 0.52916 0.00555437 64.8719 0
0.550768 0.905606 0.629048 3.16935 0.51204 0.149968 0.0679037 0.814264 16.1028 1
0.588031 0.188879 0.238411 1.77557 0.664846 0.0852687 0.288003 0.455061 40.968 0
0.62566 0.606006 0.166601 5.45671 0.0281991 0.814783 0.972777 0.784997 17.7255 1
0.471541 0.596515 0.505142 9.16288 0.808557 0.645009 0.425214 0.227058 12.4205 1
0.860469 0.944334 0.937498 1.3358 0.789544 0.275765 0.393719 0.993072 14.6781 1
0.786157 0.78161 0.727195 4.26283 0.226661 0.116337 0.12299 0.930998 16.6307 1
0.958251 0.217658 0.831446 0.675375 0.866787 0.227119 0.529679 0.998047 34.9709 1
0.38435 0.593005 0.139042 6.60298 0.0924711 0.8858 0.503159 0.35786 21.1241 1
0.0770898 0.357982 0.833979 0.472732 0.1919 0.778954 0.331462 0.103641 60.6375 0
0.886166 0.576922 0.88348 8.46339 0.753044 0.818384 0.251869 0.605396 4.17972 1
0.455214 0.056917 0.651357 6.10431 0.183325 0.582415 0.126835 0.482803 42.9407 0
0.304147 0.101779 0.636372 6.12873 0.354228 0.38258 0.244758 0.202887 50.4555 0
0.0358592 0.890957 0.335429 2.57485 0.370739 0.954711 0.245613 0.30253 18.2698 1
0.668508 0.483322 0.23188 1.13742 0.465835 0.775536 0.171911 0.236305 31.6056 1
0.0923795 0.446272 0.908872 5.76891 0.0201117 0.00396741 0.644429 0.848994 42.4532 0
0.652028 0.10947 0.287393 1.53172 0.706381 0.0477309 0.162908 0.473281 41.9185 0
0.853236 0.443861 0.989929 3.69945 0.758904 0.754448 0.531968 0.652486 27.6616 1
0.195013 0.565508 0.828394 3.10801 0.368236 0.228309 0.411725 0.488052 44.7285 0
0.126835 0.864498 0.417646 7.75811 0.200659 0.27131 0.993805 0.612445 17.6465 1
0.130406 0.758904 0.913663 0.665914 0.0426344 0.449843 0.801813 0.786523 47.2662 0
0.926847 0.0736106 0.876766 3.96558 0.570482 0.785852 0.617481 0.12244 48.2036 0
0.808679 0.0443739 0.260079 9.26023 0.244667 0.0734275 0.531083 0.931211 18.1984 1
0.0968963 0.946593 0.522721 4.22224 0.32963 0.820276 0.117527 0.195227 19.4514 1
0.722922 0.349071 0.867916 5.44786 0.0381481 0.813776 0.7369 0.66625 37.4182 0
0.935728 0.993377 0.606586 7.55638 0.800867 0.312815 0.960417 0.587695 0 1
0.133763 0.29722 0.645436 8.54152 0.660817 0.863948 0.121067 0.0425123 26.8515 1
0.822169 0.483779 0.100253 1.37486 0.793085 0.742821 0.989563 0.92581 14.9787 1
0.694479 0.335398 0.0342418 1.85644 0.149144 0.0206 0.574877 0.542436 39.6209 0
0.840052 0.572436 0.321238 2.71523 0.22663 0.255501 0.0502945 0.829737 18.2587 1
0.075808 0.857418 0.634083 3.96252 0.963591 0.808985 0.804041 0.205084 21.9827 1
0.403424 0.423658 0.557787 9.49248 0.758171 0.787255 0.614978 0.0386975 24.0308 1
0.591205 0.329386 0.827937 9.93347 0.613239 0.607746 0.953673 0.751244 20.2885 1
0.881283 0.336528 0.693808 1.75024 0.405683 0.190344 0.40788 0.536271 42.2687 0
0.821589 0.414655 0.406903 2.5959 0.281137 0.774071 0.233467 0.708213 23.6916 1
0.222785 0.86993 0.833979 2.91238 0.173437 0.358165 0.0301828 0.674886 30.9211 1
0.240486 0.09888 0.195441 3.78216 0.449141 0.768731 0.542467 0.535081 38.7043 0
0.58211 0.967498 0.928648 1.03061 0.677114 0.350017 0.585131 0.301309 36.9822 0
0.839076 0.814936 0.676107 5.57726 0.522935 0.280923 0.0942106 0.747459 6.90045 1
0.943602 0.0825831 0.398846 0.0360118 0.768639 0.516312 0.302805 0.881405 31.2266 1
0.750969 0.56798 0.614643 1.56987 0.456984 0.353465 0.0416883 0.0426344 40.6992 0
0.746544 0.303446 0.761345 0.988495 0.16126 0.623432 0.165319 0.625111 44.7249 0
0.877529 0.0603961 0.685049 8.10358 0.37962 0.507553 0.102359 0.424604 27.7895 1
0.510392 0.47795 0.253548 3.32713 0.0546587 0.97879 0.531724 0.611621 29.0203 1
0.512558 0.81695 0.0944853 5.52538 0.218024 0.868038 0.183081 0.328898 9.85601 1
0.4597 0.338816 0.458693 6.11896 0.759789 0.555742 0.762993 0.914182 19.8505 1
0.967528 0.309549 0.208411 9.43571 0.32316 0.288156 0.00521867 0.747765 0.591968 1
0.149022 0.628498 0.930631 9.3112 0.323862 0.118778 0.847041 0.725211 26.725 1
0.196387 0.0824 0.175359 1.93976 0.094821 0.474776 0.729575 0.354991 57.1695 0
0.0880764 0.224219 0.818903 4.97848 0.155522 0.348338 0.0238044 0.481216 45.2751 0
0.420789 0.877041 0.55211 2.89621 0.606677 0.113193 0.581347 0.631153 26.5849 1
0.366588 0.262978 0.493759 8.57631 0.649678 0.965941 0.410138 0.987976 9.86242 1
0.754906 0.757164 0.928709 1.16733 0.231178 0.99234 0.475295 0.988372 24.8536 1
0.279397 0.266518 0.171209 0.187078 0.812586 0.858974 0.624836 0.545274 39.0197 0
0.830409 0.233802 0.553301 5.87024 0.264595 0.129429 0.640553 0.895413 29.0671 1
0.951445 0.266396 0.537919 5.77349 0.886837 0.205939 0.413678 0.0720542 29.7509 1
0.421644 0.390271 0.957335 7.62505 0.552141 0.895505 0.245735 0.00268563 37.297 0
0.962645 0.928892 0.376293 8.42677 0.976348 0.601459 0.274331 0.231544 0 1
0.0705283 0.00708029 0.580401 9.8059 0.112644 0.139836 0.0238655 0.267312 39.1929 0
0.973083 0.680044 0.189337 9.61669 0.671316 0.180944 0.0814844 0.555895 0 1
0.71157 0.687094 0.395276 9.79125 0.764 0.315439 0.89758 0.0779138 12.4907 1
0.347911 0.830714 0.825953 0.441908 0.67336 0.746025 0.711753 0.571551 37.4396 0
0.296762 0.980346 0.533036 0.213019 0.747703 0.603656 0.603687 0.379894 31.7334 1
0.782403 0.701407 0.105502 2.88095 0.420362 0.889187 0.668722 0.924039 5.78607 1
0.420789 0.509171 0.907865 0.207526 0.354289 0.0394604 0.318705 0.800226 51.3174 0
0.926786 0.747581 0.443281 1.04007 0.71157 0.119022 0.707907 0.503006 25.9374 1
0.94586 0.0932035 0.842128 6.66463 0.54796 0.636341 0.283517 0.772515 23.9374 1
0.0114139 0.684256 0.475112 2.40547 0.332469 0.985199 0.461745 0.567339 24.4181 1
0.626728 0.874325 0.691519 5.47838 0.591845 0.511216 0.428419 0.662038 11.6845 1
0.471847 0.611377 0.682638 9.09116 0.680013 0.203223 0.0647298 0.869961 5.61669 1
0.735832 0.441664 0.469863 2.7958 0.672842 0.00958281 0.998199 0.890713 31.0226 1
0.573565 0.138585 0.0180975 9.09085 0.387371 0.779778 0.778222 0.782952 11.9754 1
0.68804 0.956664 0.474136 6.26972 0.526688 0.830531 0.177068 0.0620136 8.53761 1
0.037141 0.5103 0.529618 7.52647 0.949126 0.137455 0.615528 0.42259 19.5388 1
0.665914 0.277902 0.909604 6.30482 0.0629597 0.151463 0.713767 0.0862148 56.5766 0
0.66335 0.730674 0.985809 7.90002 0.34608 0.239967 0.966979 0.774255 23.4227 1
0.244545 0.0864284 0.514695 7.31071 0.990143 0.753502 0.546373 0.305124 31.6339 1
0.957884 0.688681 0.501053 3.34086 0.670461 0.716941 0.224769 0.817438 4.85296 1
0.0166326 0.0103763 0.186041 8.95108 0.440352 0.146123 0.427534 0.617206 24.7537 1
0.756584 0.283029 0.160527 7.85913 0.750786 0.989074 0.408155 0.650838 1.92288 1
0.217475 0.750298 0.603504 7.39311 0.594745 0.692465 0.549272 0.602557 13.3271 1
0.850429 0.547166 0.64507 7.59209 0.77691 0.393048 0.788263 0.617237 12.6553 1
0.349834 0.203803 0.855098 6.55782 0.308115 0.734092 0.168096 0.647908 37.0779 0
0.610401 0.774407 0.856166 2.05664 0.924986 0.306619 0.513138 0.428571 31.1321 1
0.809168 0.591021 0.0620441 9.37071 0.734275 0.716086 0.229926 0.071688 0 1
0.612568 0.642659 0.541002 5.39903 0.982574 0.273476 0.232917 0.290963 18.1284 1
0.508469 0.579119 0.00384533 9.01028 0.950713 0.312021 0.99527 0.248909 9.09671 1
0.2631 0.339763 0.917539 7.64367 0.973449 0.128391 0.72457 0.029603 45.2569 0
0.503281 0.407666 0.743156 0.159612 0.583789 0.54915 0.663869 0.736259 45.7539 0
0.423231 0.688284 0.299417 5.94409 0.7828 0.122135 0.517075 0.213874 22.9729 1
0.616779 0.0134587 0.250801 0.25605 0.43376 0.933012 6.1037e-005 0.397015 43.7323 0
0.0342723 0.270455 0.720969 5.833 0.782098 0.0464492 0.516312 0.282296 40.8134 0
0.0646992 0.155614 0.0308542 0.739769 0.0996124 0.572802 0.957671 0.52617 50.8545 0
0.742637 0.553423 0.562181 2.47169 0.454207 0.359172 0.630177 0.667501 30.92 1
0.0803247 0.540391 0.745598 8.30592 0.604236 0.306162 0.304849 0.97528 10.8067 1
0.524766 0.013947 0.173864 1.901 0.0182196 0.309091 0.393475 0.921262 45.0059 0
0.539567 0.946409 0.840449 6.15223 0.0192877 0.824366 0.249306 0.277566 23.5774 1
0.312204 0.26368 0.502426 2.2895 0.0546587 0.0610065 0.593005 0.839503 52.7356 0
0.585894 0.349498 0.169073 5.23179 0.0902738 0.797082 0.0631733 0.772973 17.3306 1
0.616626 0.173986 0.714988 5.18601 0.130284 0.820826 0.892483 0.587329 44.2054 0
0.255287 0.0478225 0.618397 5.50066 0.861599 0.997497 0.708029 0.732963 33.0591 1
0.154668 0.000976592 0.824427 6.76687 0.423292 0.960356 0.457533 0.823969 35.395 0
0.101444 0.786798 0.733451 7.16941 0.30134 0.427381 0.459883 0.485702 21.6766 1
0.473189 0.510605 0.31428 9.08872 0.348064 0.14246 0.580889 0.827692 12.847 1
0.820521 0.88403 0.34254 1.95196 0.926603 0.441969 0.534227 0.541002 10.2671 1
0.573992 0.103458 0.763848 1.3358 0.180425 0.446059 0.307047 0.621052 56.1685 0
0.876308 0.354442 0.182134 4.31654 0.428114 0.875088 0.71099 0.715262 16.1657 1
0.539048 0.940062 0.473006 1.07242 0.682516 0.491043 0.0576189 0.095645 26.7752 1
0.125095 0.0352184 0.521897 2.73507 0.295572 0.163976 0.959593 0.2566 66.0687 0
0.15537 0.0654927 0.087466 5.49089 0.727714 0.563341 0.25605 0.137303 33.6846 1
0.440931 0.710898 0.789758 0.933256 0.442457 0.474441 0.0638142 0.969726 28.7122 1
0.540056 0.534837 0.223579 2.66305 0.925871 0.73986 0.952818 0.750908 18.8596 1
0.34022 0.238105 0.196783 9.14151 0.83108 0.825831 0.247017 0.340953 13.4902 1
0.765252 0.537736 0.0934172 2.78939 0.247993 0.0135502 0.45027 0.185461 35.0011 0
0.607135 0.670858 0.362255 5.34257 0.0975677 0.215888 0.79696 0.66335 26.0291 1
0.48323 0.523698 0.129765 9.44975 0.651601 0.418439 0.927824 0.0592364 19.0056 1
0.918271 0.385418 0.938688 6.52486 0.176916 0.746086 0.690786 0.161473 38.835 0
0.551317 0.327006 0.611072 0.851161 0.705374 0.154424 0.0667135 0.484542 43.6829 0
0.46791 0.205298 0.236763 9.92981 0.927946 0.746239 0.220191 0.116703 13.915 1
0.656941 0.291696 0.286508 1.08188 0.214454 0.712607 0.675253 0.192816 49.1481 0
0.592853 0.526261 0.850398 4.30219 0.758171 0.899686 0.616291 0.991913 18.4117 1
0.942595 0.396527 0.000976592 1.35807 0.845241 0.999908 0.313639 0.659719 8.46193 1
0.397534 0.441389 0.281686 1.142 0.249123 0.368358 0.674612 0.556627 45.2085 0
0.630787 0.380047 0.320048 1.27415 0.75045 0.464339 0.919034 0.229987 43.2518 0
0.378918 0.865963 0.565966 5.95233 0.781091 0.917661 0.3802 0.0120853 18.5724 1
0.64919 0.865627 0.155004 0.0546281 0.194128 0.220008 0.430555 0.242561 34.3259 1
0.0515152 0.662557 0.896725 9.49034 0.158147 0.0415052 0.532517 0.116153 34.8319 1
0.255531 0.486282 0.38786 7.80206 0.176763 0.171972 0.414258 0.1554 35.5366 0
0.572558 0.766076 0.250649 9.017 0.233222 0.087405 0.370495 0.308267 12.6958 1
0.662648 0.00991852 0.496261 6.74825 0.0599994 0.141301 0.688192 0.670766 43.2835 0
0.366649 0.308542 0.0127262 9.54711 0.533128 0.381237 0.197455 0.83462 4.49681 1
0.66335 0.464156 0.178625 2.50374 0.191931 0.990112 0.947325 0.85992 24.3644 1
0.751183 0.744407 0.601032 5.09964 0.88345 0.352519 0.00631733 0.87289 1.19425 1
0.255593 0.261361 0.979064 5.30808 0.531907 0.746422 0.388562 0.288339 47.6041 0
0.560961 0.975311 0.0918912 9.94751 0.0335093 0.65923 0.104312 0.657521 0 1
0.267464 0.323679 0.912351 1.27995 0.275674 0.729423 0.335826 0.140629 63.1624 0
0.773431 0.475082 0.844874 9.86724 0.281686 0.312845 0.738182 0.604572 21.5113 1
0.982086 0.208014 0.088992 3.6668 0.480239 0.674215 0.864956 0.345531 28.6905 1
0.133641 0.41496 0.127628 3.38908 0.0999786 0.80343 0.719077 0.436689 35.5323 0
0.762566 0.231086 0.34022 4.09467 0.688986 0.85699 0.428663 0.700919 19.7001 1
0.779229 0.788385 0.741173 3.04819 0.759331 0.224464 0.0476699 0.308267 23.1195 1
0.677236 0.594317 0.842952 3.81909 0.556597 0.219886 0.481796 0.99884 24.3209 1
0.865322 0.536027 0.644581 6.63289 0.954466 0.398083 0.539079 0.930235 4.09397 1
0.124393 0.508927 0.744774 4.9736 0.474075 0.496139 0.10596 0.150395 37.1739 0
0.189642 0.670888 0.580218 8.43501 0.428877 0.999817 0.447829 0.695212 8.10825 1
0.457503 0.320902 0.788995 1.82134 0.193823 0.33488 0.634877 0.310984 61.4117 0
0.817652 0.40318 0.69866 0.500809 0.600055 0.683706 0.0928983 0.802423 29.065 1
0.610096 0.635945 0.939665 2.00476 0.454482 0.426374 0.279092 0.00497452 49.1092 0
0.707175 0.265419 0.183599 3.88073 0.184179 0.207373 0.482803 0.382733 38.2607 0
0.720664 0.444624 0.00646992 7.79412 0.606067 0.62685 0.751213 0.250984 12.128 1
0.33372 0.237342 0.87701 9.87884 0.821284 0.556993 0.940367 0.623768 29.1481 1
0.757927 0.247139 0.269875 7.3394 0.23487 0.0834986 0.890713 0.686728 27.6211 1
0.315378 0.871059 0.90405 1.30222 0.700247 0.0720847 0.728019 0.89465 35.8976 0
0.145604 0.178594 0.105991 5.91876 0.788659 0.359691 0.289041 0.694082 19.4997 1
0.0377514 0.415784 0.298044 3.7138 0.183752 0.57091 0.672506 0.871151 27.9377 1
0.387524 0.133793 0.611652 7.19047 0.2013 0.559587 0.91467 0.524033 44.948 0
0.279153 0.943144 0.625629 6.67898 0.433393 0.475051 0.790155 0.660756 17.1994 1
0.692587 0.8923 0.229408 4.44044 0.518204 0.453566 0.737877 0.421766 13.2808 1
0.835353 0.471877 0.611469 5.01694 0.0344249 0.934751 0.911679 0.92758 23.0165 1
0.599719 0.243385 0.372448 1.83416 0.520951 0.602893 0.356059 0.751518 33.3376 1
0.144688 0.093173 0.763573 0.0515763 0.621143 0.953612 0.307199 0.017304 63.088 0
0.603015 0.11124 0.0497757 5.66576 0.35258 0.484909 0.618458 0.121738 38.2127 0
0.913205 0.0953398 0.998138 0.860317 0.50148 0.513901 0.31138 0.0823695 61.0627 0
0.776574 0.679739 0.491012 5.60869 0.142338 0.617969 0.25132 0.510056 17.0678 1
0.739372 0.089053 0.264473 5.52477 0.282327 0.701346 0.948302 0.206732 41.3562 0
0.399609 0.517441 0.771508 5.96515 0.630909 0.686392 0.482803 0.388104 30.7577 1
0.739341 0.132145 0.170202 2.37983 0.494339 0.830164 0.556475 0.531083 32.7397 1
0.581439 0.70278 0.437269 6.91549 0.795221 0.665578 0.66805 0.846767 2.4478 1
0.171789 0.854854 0.606098 1.26469 0.216987 0.568102 0.413923 0.377728 37.7669 0
0.886349 0.948943 0.1301 5.76983 0.473525 0.946928 0.914151 0.721 0 1
0.0630207 0.58449 0.371105 4.77248 0.703635 0.0614338 0.363018 0.375561 25.7804 1
0.958861 0.728813 0.21247 8.21711 0.990509 0.462783 0.70513 0.714988 0 1
0.831904 0.470809 0.797449 9.50072 0.00637837 0.0599994 0.435743 0.585162 24.643 1
0.148412 0.400128 0.392499 9.57518 0.782067 0.81167 0.526963 0.526963 8.97147 1
0.914823 0.610797 0.3755 7.29942 0.601306 0.0420545 0.478347 0.623798 7.85873 1
0.134648 0.330332 0.349071 6.03992 0.0204779 0.382916 0.49266 0.974364 26.9476 1
0.39079 0.173589 0.378826 6.52364 0.013123 0.339427 0.776696 0.790277 39.3525 0
0.552263 0.0216376 0.356731 5.93768 0.239387 0.482009 0.967071 0.118717 52.5126 0
0.606433 0.525742 0.489273 3.28227 0.440565 0.262429 0.68099 0.19013 41.8123 0
0.615955 0.236091 0.910825 0.972015 0.958678 0.455428 0.192053 0.390759 47.0695 0
0.800897 0.355968 0.421796 2.68777 0.380993 0.224952 0.230964 0.8605 26.8109 1
0.745598 0.120426 0.352184 7.47734 0.30958 0.815668 0.911435 0.715323 24.0944 1
0.730918 0.800317 0.549608 0.10712 0.255776 0.86935 0.780786 0.895138 25.4179 1
0.191076 0.331156 0.49263 7.66503 0.659749 0.366192 0.995941 0.636311 28.4194 1
0.295816 0.567034 0.529099 2.41005 0.0350047 0.191443 0.624042 0.569475 48.6686 0
0.657399 0.159551 0.239448 0.876186 0.238044 0.326518 0.0682699 0.441908 45.2346 0
0.162511 0.0616779 0.924924 9.22178 0.862667 0.6657 0.618793 0.46556 33.5128 1
0.929594 0.656728 0.220771 4.83139 0.759728 0.457228 0.128147 0.289377 7.15329 1
0.390484 0.512101 0.834803 4.16913 0.681509 0.369976 0.812555 0.597156 39.276 0
0.497818 0.758446 0.410352 6.87918 0.0513321 0.184759 0.17716 0.330088 23.412 1
0.0567644 0.0933256 0.514817 6.13575 0.85815 0.110752 0.0672933 0.534532 30.2271 1
0.182318 0.410321 0.752709 5.24735 0.675832 0.726798 0.843898 0.83459 28.9905 1
0.881039 0.052736 0.00412 0.506607 0.808008 0.547929 0.684469 0.52971 34.0108 1
0.758385 0.692709 0.788018 0.292673 0.55739 0.216803 0.00878933 0.317515 38.1421 0
0.85049 0.834956 0.750237 0.422376 0.62038 0.319987 0.0298776 0.641316 22.646 1
0.581347 0.945738 0.277139 5.75121 0.606555 0.829463 0.429456 0.66277 0 1
0.844874 0.206763 0.23368 8.02667 0.683309 0.168889 0.15894 0.859615 5.95178 1
0.211707 0.894253 0.826746 9.98749 0.345225 0.905332 0.365215 0.248238 12.4347 1
0.261574 0.382427 0.593371 5.71703 0.308756 0.065157 0.441389 0.231452 46.9769 0
0.0400098 0.772912 0.514084 7.24418 0.531632 0.0759911 0.202521 0.0710471 22.0319 1
0.640584 0.148289 0.251228 7.39525 0.357494 0.332743 0.186468 0.985473 15.0439 1
0.911863 0.451155 0.512162 8.89462 0.785302 0.389172 0.0796533 0.872494 0 1
0.289377 0.988037 0.537553 9.71709 0.86404 0.774224 0.267861 0.656819 0 1
0.752892 0.558184 0.714713 4.68917 0.212073 0.433485 0.511948 0.262856 36.7698 0
0.908139 0.207587 0.315775 3.34147 0.661824 0.795587 0.748711 0.212287 33.2588 1
0.193945 0.607898 0.361126 4.00891 0.0291452 0.463576 0.0166021 0.846736 22.9961 1
0.214423 0.060152 0.607532 4.18256 0.00805689 0.531388 0.506607 0.17539 62.2104 0
0.195807 0.123997 0.661519 7.11264 0.190069 0.525163 0.737877 0.347758 48.4096 0
0.56859 0.871273 0.217597 4.65743 0.208838 0.969726 0.858608 0.751213 9.60164 1
0.674459 0.765038 0.421705 6.38783 0.00967437 0.579943 0.0718406 0.733757 8.92901 1
0.598437 0.163549 0.359111 4.93698 0.244057 0.0771508 0.186193 0.951537 29.8949 1
0.125858 0.449171 0.668203 7.60216 0.789148 0.630634 0.291635 0.341624 21.5399 1
0.824427 0.782128 0.278298 4.1966 0.392407 0.923826 0.56035 0.719687 5.10916 1
0.251106 0.479476 0.273232 1.15085 0.440992 0.845943 0.172338 0.00250252 43.2489 0
0.284463 0.0191351 0.879574 1.86499 0.856441 0.808283 0.366436 0.0557268 62.7321 0
0.581378 0.668691 0.57976 3.30912 0.114017 0.685629 0.615925 0.166601 40.2402 0
0.159185 0.739219 0.350566 8.8757 0.387494 0.382672 0.92938 0.141362 22.2188 1
0.102847 0.46437 0.0263375 7.4807 0.818445 0.0254219 0.276345 0.0282601 19.8779 1
0.396771 0.504105 0.787225 8.91507 0.910855 0.777673 0.138401 0.464888 12.5874 1
