1000
104.856 0.967864 1 0 1.45909 2.53612 0.823572 7.25724 0
42.3539 0.626728 0 1 1.9834 1.53267 0.860805 12.6063 1
120.313 0.136448 1 2 1.54485 1.44798 0.0855129 14.853 1
62.6914 0.516892 1 2 8.65535 1.76037 0.732078 12.6158 1
129.927 0.697653 1 0 5.05264 1.81613 0.175817 6.25646 0
103.046 0.133366 1 1 4.29792 1.43983 0.602161 18.5682 1
111.732 0.726951 1 0 0.51912 3.40242 0.324503 8.56659 0
65.609 0.212378 1 0 1.80029 3.09323 0.0149236 13.5166 1
126.57 0.36668 0 0 1.90252 3.04929 0.222358 10.1093 0
101.871 0.884823 0 2 9.94079 3.21107 0.776482 11.7783 0
37.3214 0.776849 1 2 4.75143 3.26966 0.286905 6.42845 0
76.2081 0.467421 1 2 3.38694 3.16126 0.13654 14.9224 1
127.525 0.38496 0 0 3.71014 3.98233 0.438581 8.61109 0
79.5468 0.658986 0 2 9.27335 3.40178 0.44676 14.5803 1
42.5797 0.489334 1 2 9.41588 2.38542 0.144566 10.2032 0
40.7486 0.460005 1 2 6.9509 1.29984 0.743492 9.17513 0
94.217 0.747002 0 1 3.65551 1.24162 0.209113 18.4844 1
67.3241 0.619587 0 1 6.22333 2.03842 0.52562 17.2527 1
122.041 0.478957 1 0 3.5432 3.138 0.493027 7.84522 0
35.3957 0.760338 1 1 6.02161 1.09284 0.991821 8.00231 0
107.923 0.672384 1 1 9.71221 3.4763 0.560564 13.4673 1
104.636 0.661245 1 1 6.35884 3.97592 0.792566 13.1634 1
101.557 0.67861 0 2 1.35289 2.89483 0.300241 14.7259 1
119.126 0.618091 1 2 7.75353 3.729 0.565294 9.40856 0
51.7231 0.5215 0 2 3.60485 3.4189 0.974395 11.2569 0
32.7406 0.475234 0 1 0.372936 3.38539 0.780725 10.1056 0
59.8105 0.0690939 1 0 1.5717 1.73959 0.0446486 14.3984 1
129.814 0.955077 1 2 6.1858 1.69234 0.360057 6.8143 0
92.6881 0.705832 1 1 1.35197 2.52504 0.623493 15.2784 1
61.2296 0.429853 0 1 7.66717 1.15574 0.751335 17.5987 1
123.475 0.199438 1 1 3.18094 1.42564 0.636341 14.9009 1
45.3478 0.406659 0 1 2.31971 2.31877 0.303598 15.5262 1
123.594 0.810572 0 2 6.32466 3.34346 0.876705 8.64674 0
54.2164 0.85876 0 2 9.71923 1.48689 0.474746 11.8749 0
120.365 0.96704 1 0 1.02451 1.4532 0.215308 7.04974 0
81.6892 0.255684 1 0 3.19926 1.24729 0.277749 14.6805 1
73.6171 0.649434 0 2 0.763573 3.27543 0.414197 14.8131 1
33.1861 0.851436 1 0 7.92352 1.45814 0.0370495 5 0
124.998 0.62624 1 1 9.72015 2.67501 0.420515 11.5665 0
49.6478 0.60268 0 0 7.18406 1.30103 0.613392 9.91901 0
47.3284 0.469497 0 1 6.69271 3.87924 0.798273 13.2519 1
43.2725 0.139225 1 2 5.59221 3.85287 0.39079 11.1049 0
80.8744 0.4944 1 0 9.3057 3.33824 0.223029 11.8997 0
42.421 0.616321 0 1 7.59941 2.82534 0.126682 13.5479 1
101.401 0.0253304 0 1 2.16071 3.37577 0.842769 19.4868 1
79.9191 0.171056 0 0 8.80306 1.01978 0.868313 15.4106 1
33.9338 0.323832 1 0 1.06479 3.96777 0.917783 5 0
75.5885 0.207648 0 2 1.9541 1.0174 0.1648 19.5153 1
118.36 0.74102 1 2 3.75744 1.51115 0.625233 10.1365 0
122.734 0.972015 0 1 5.78326 2.05298 0.377087 12.4043 1
61.4859 0.808496 0 1 6.96402 2.99774 0.366985 15.241 1
51.5613 0.971801 1 2 8.91324 3.27726 0.630146 7.4847 0
86.8102 0.67861 0 2 1.33122 2.43367 0.485336 15.299 1
73.4858 0.879116 1 1 9.51628 3.07099 0.495346 13.7401 1
31.0346 0.194037 0 1 1.13926 2.55736 0.0894192 13.4836 1
70.315 0.740959 0 2 0.208441 3.11063 0.451918 14.047 1
47.4535 0.532426 1 0 5.8562 2.73983 0.853298 6.67607 0
45.0578 0.747826 1 0 3.25602 2.87716 0.186712 6.53895 0
73.376 0.460646 0 0 6.8746 3.31709 0.289224 13.5039 1
58.2785 0.592853 1 2 9.68261 1.61663 0.4738 12.2502 1
114.344 0.366955 0 0 6.37837 1.34727 0.252235 13.3251 1
98.2333 0.722831 0 2 3.64452 2.7824 0.352824 14.5936 1
104.294 0.0462966 1 2 7.50175 1.80175 0.417493 16.5925 1
37.2756 0.657521 0 2 6.6451 1.09064 0.226203 10.3251 0
30.65 0.318094 0 1 6.98202 3.35041 0.318094 11.3706 0
73.2325 0.16715 1 1 1.10721 2.87048 0.942564 17.2919 1
79.2965 0.580126 0 2 4.6675 2.07688 0.361431 16.2151 1
105.369 0.566942 0 2 5.73626 1.77319 0.55211 14.8917 1
68.4289 0.975738 1 2 9.71374 3.51302 0.180822 10.7768 0
112.864 0.843226 1 0 2.22755 2.48851 0.836818 6.90362 0
115.73 0.594165 0 2 2.39875 1.21387 0.853755 12.9443 1
51.4759 0.890957 0 0 0.479446 1.27686 0.555223 8.93647 0
31.6724 0.666768 0 0 4.40016 2.55809 0.0506912 5.82107 0
124.104 0.939482 0 2 3.77758 2.24342 0.227058 10.1357 0
66.6192 0.682455 0 2 0.407422 2.44145 0.196631 15.0886 1
75.7137 0.403333 0 1 2.71371 3.72222 0.839106 17.5125 1
72.0759 0.357555 1 2 1.29826 2.90692 0.353496 15.0136 1
75.0789 0.0366222 0 1 3.09763 3.28486 0.707327 20.257 1
80.7004 0.0760521 1 2 5.07065 3.38786 0.894101 15.3465 1
37.1932 0.52147 0 2 5.09354 2.11377 0.506088 9.86005 0
76.8581 0.393841 1 1 7.51579 1.02683 0.258095 18.727 1
74.2457 0.607227 0 1 4.51216 1.15711 0.797143 17.7878 1
32.8871 0.10303 1 2 1.52379 1.32209 0.285897 10.5164 0
101.303 0.763878 0 2 8.83938 3.98801 0.884701 11.8585 0
38.0447 0.79754 1 2 3.13608 1.04212 0.940672 6.2546 0
128.679 0.141575 1 2 6.46596 3.00058 0.115574 11.7931 0
59.6945 0.501633 1 0 5.30564 1.79919 0.777703 9.78771 0
108.225 0.568865 1 1 3.93384 3.86285 0.454268 14.2854 1
62.5694 0.338816 1 0 7.99158 3.7647 0.428663 10.7481 0
128.331 0.495285 1 2 9.07254 2.3834 0.923948 8.01372 0
83.8591 0.0559404 1 1 6.99026 3.61547 0.760094 18.1465 1
34.6693 0.318308 0 2 3.94391 2.52284 0.935698 9.10627 0
32.5391 0.102603 1 0 5.01511 1.80093 0.368755 7.30041 0
53.1574 0.550371 1 1 6.75893 3.54634 0.256447 13.6532 1
62.6304 0.52266 0 0 8.24519 3.48115 0.811304 10.6574 0
70.6049 0.910459 0 1 2.65999 3.66829 0.0169073 16.2207 1
75.1277 0.767571 0 1 1.11393 3.89224 0.562548 15.941 1
49.9622 0.78515 0 1 5.69689 2.33982 0.357768 13.954 1
44.0507 0.317331 1 2 2.75399 2.31629 0.276498 11.5234 0
82.9191 0.724815 1 2 4.74013 3.96127 0.681845 11.6917 0
51.3538 0.316874 0 1 1.49968 2.14161 0.613147 16.6587 1
75.8357 0.845851 0 1 0.704367 3.6368 0.64565 15.4689 1
65.6365 0.92935 1 1 0.43733 2.57512 0.818232 12.5681 1
87.8661 0.324046 0 0 7.54387 2.99939 0.611682 14.0398 1
123.231 0.39964 1 0 8.41151 1.28813 0.527268 8.92421 0
55.071 0.713981 1 2 1.31077 3.5002 0.917905 9.06726 0
79.7909 0.534043 0 2 8.41609 2.50655 0.0307016 16.9445 1
104.184 0.735405 1 0 6.34571 1.24857 0.627064 9.81815 0
108.564 0.0610675 0 1 0.173345 2.68032 0.616047 19.5245 1
46.4525 0.563128 1 0 1.66662 3.88849 0.0221564 7.81388 0
40.3732 0.771142 1 2 7.14377 3.75655 0.712882 5.81065 0
108.747 0.656056 1 0 0.11597 3.46623 0.640187 8.60043 0
82.8672 0.0607624 1 0 1.52013 2.10828 0.538133 14.7592 1
67.7422 0.899014 0 2 3.98968 3.1793 0.70745 12.0561 1
34.7639 0.157292 0 2 5.16037 2.21805 0.893155 10.3457 0
66.6222 0.426405 1 1 0.0549333 1.6451 0.0853603 18.0935 1
37.6846 0.497604 1 0 1.13041 2.14866 0.829646 5.143 0
74.2824 0.0763573 0 1 0.233467 3.29228 0.875698 19.6474 1
95.8162 0.103061 1 1 0.890835 2.53584 0.199774 19.8019 1
57.4392 0.11417 1 1 8.06726 3.0112 0.296701 17.1573 1
54.7536 0.960021 1 0 7.30369 2.18024 0.763665 6.00537 0
38.5818 0.786737 1 1 1.66692 3.69347 0.953093 7.38941 0
78.0575 0.00122074 0 2 4.93423 2.17118 0.670919 18.805 1
69.8999 0.554033 1 2 7.36534 2.10453 0.802118 12.8116 1
105.356 0.920377 1 1 7.71905 2.72509 0.883969 12.0023 1
127.745 0.610431 1 2 1.05075 2.06104 0.598712 8.75133 0
32.5422 0.356792 0 1 1.27842 3.43391 0.597766 11.1546 0
86.3311 0.685659 0 1 2.39296 1.47563 0.001648 19.5078 1
34.2421 0.592273 0 0 4.21644 2.27271 0.0560625 7.18118 0
125.599 0.227027 1 2 7.0983 1.89523 0.470107 11.7618 0
64.7056 0.426435 0 0 0.877407 2.38762 0.494522 13.1886 1
129.17 0.0347301 0 2 0.247505 1.02847 0.199927 15.3033 1
37.5014 0.969573 0 1 8.53145 2.24241 0.379833 9.87182 0
96.4998 0.377544 0 1 5.90991 1.85229 0.264138 19.9859 1
109.565 0.336558 1 1 6.03168 1.03314 0.789361 16.2867 1
91.214 0.680074 1 0 0.796228 3.54112 0.46025 10.3083 0
93.7501 0.265542 0 2 9.92523 1.24052 0.806848 17.1836 1
37.5259 0.17243 1 2 9.06888 3.08426 0.752098 8.90659 0
108.744 0.148625 1 1 9.00266 3.67919 0.329508 16.9833 1
121.559 0.550737 0 2 7.67174 1.39506 0.250069 13.3226 1
58.0099 0.471511 0 1 0.648213 3.26966 0.80694 15.7294 1
116.087 0.839137 0 2 3.08206 3.36616 0.0274972 12.163 1
123.576 0.840449 0 2 3.30668 1.9031 0.294839 10.8959 0
89.0472 0.39732 1 2 7.33268 1.04559 0.346141 16.1209 1
77.676 0.253212 0 0 0.17243 3.0437 0.92703 13.7807 1
39.7171 0.502426 1 2 9.85809 2.29148 0.685842 8.1094 0
68.7463 0.672231 1 1 1.12247 2.01096 0.613239 15.2479 1
95.1601 0.280404 1 1 8.37916 2.26273 0.9682 16.7571 1
39.9002 0.903623 1 2 4.13007 3.06888 0.586596 5.73072 0
55.0069 0.09241 1 1 2.90628 1.31733 0.154302 18.4488 1
100.791 0.906369 0 0 5.24552 3.40123 0.471603 10.0603 0
58.1716 0.920713 1 1 8.30958 3.67534 0.609882 11.2396 0
109.83 0.57152 1 0 8.89706 1.64199 0.952849 8.96584 0
122.48 0.972533 1 1 8.94803 1.94018 0.89111 9.32638 0
45.8788 0.348979 0 1 9.03439 2.73928 0.016541 16.2197 1
40.5014 0.753899 0 0 9.906 2.64928 0.535661 6.25683 0
68.9996 0.484024 1 0 7.75903 3.42759 0.239967 11.251 0
64.3425 0.382305 0 0 9.6234 3.78384 0.672323 11.8234 0
101.221 0.683218 0 0 2.78024 1.34874 0.838191 11.7619 0
41.063 0.0347301 0 2 4.43587 1.03067 0.41261 14.6811 1
113.346 0.381878 1 0 9.59746 3.76489 0.27604 9.97399 0
31.944 0.288522 0 0 2.98471 2.88073 0.685598 6.44015 0
94.4551 0.0614643 0 2 9.94446 3.72552 0.330638 18.0709 1
124.555 0.83343 0 1 3.85784 2.78588 0.0455947 13.2979 1
120.112 0.886654 1 2 6.03107 1.36549 0.680898 8.79546 0
89.8651 0.737938 1 2 9.46257 3.9284 0.649098 11.4951 0
35.4689 0.926939 0 2 1.68798 2.58153 0.523698 6.75181 0
109.54 0.268288 1 0 9.21934 3.06833 0.684713 10.6286 0
43.1108 0.0180975 0 0 7.95282 2.55535 0.499527 11.5179 0
63.433 0.305887 0 2 1.98981 1.80056 0.674734 16.1255 1
44.951 0.531755 1 1 3.15073 1.32383 0.47853 13.0176 1
87.1825 0.818873 0 0 7.43187 2.74578 0.873928 10.581 0
45.6804 0.580889 0 0 7.39891 2.71694 0.6339 8.3119 0
46.6478 0.734489 0 0 4.97787 3.0969 0.0941496 8.80684 0
94.0492 0.121616 0 0 9.89563 3.37559 0.841884 14.1646 1
92.5233 0.0623798 1 1 3.61492 2.91671 0.309214 19.6177 1
30.6867 0.638905 1 2 5.68712 1.09027 0.917692 5.0593 0
117.298 0.35374 0 2 1.82165 1.00961 0.966491 13.9709 1
39.592 0.254982 1 2 7.97296 1.24482 0.651997 10.3409 0
100.165 0.678213 0 0 1.19083 1.44835 0.675527 12.2873 1
76.9924 0.796564 1 1 3.76324 1.58705 0.177068 16.3145 1
56.1727 0.379864 0 2 5.63402 1.29106 0.486343 15.3063 1
89.151 0.225654 0 0 6.03381 2.74816 0.990417 13.8617 1
66.256 0.0632954 1 1 6.92404 3.06815 0.930631 17.0267 1
41.7283 0.505142 0 0 5.68926 1.77438 0.12183 9.75798 0
117.295 0.684194 1 2 2.88491 3.60073 0.0111698 10.9852 0
80.3769 0.0579546 1 1 2.93008 1.2938 0.573138 20.0807 1
88.6474 0.402966 0 1 3.08634 2.03797 0.0052797 20.801 1
37.8005 0.113651 0 2 1.21647 3.68496 0.410169 11.9013 0
45.9398 0.126469 0 1 4.64156 3.01578 0.926267 15.2816 1
108.961 0.0426649 1 2 9.24314 2.63317 0.875088 14.3454 1
107.047 0.540422 0 1 3.94177 2.94491 0.388226 17.121 1
45.9032 0.882199 0 0 8.37733 3.60988 0.730918 5.74041 0
91.446 0.0465407 0 2 5.09232 2.98401 0.0664693 19.5696 1
89.621 0.282754 1 0 6.17176 2.98373 0.881314 11.8342 0
115.15 0.488723 0 1 8.73226 2.63775 0.564257 15.8235 1
70.5408 0.677267 0 2 2.03284 3.52977 0.247505 14.6432 1
111.573 0.00781274 0 2 2.04321 2.50188 0.913541 16.2195 1
84.4481 0.21778 0 2 0.226753 3.93243 0.0590533 18.2774 1
106.495 0.92935 0 0 8.35688 1.84094 0.775018 9.39565 0
99.3197 0.567278 0 1 9.31761 1.34104 0.246651 18.8748 1
115.385 0.386517 1 0 9.0762 2.79788 0.287118 10.1817 0
83.0229 0.595325 1 2 7.15751 1.0238 0.64452 14.241 1
126.042 0.540513 1 1 7.9284 2.47871 0.0706198 12.8993 1
74.9751 0.0373547 0 2 7.91223 2.53328 0.335978 18.9576 1
41.4353 0.900388 0 2 4.05072 2.30375 0.749199 7.98658 0
68.667 0.858638 0 1 3.55785 1.44084 0.837123 15.6194 1
49.2297 0.49968 0 1 2.39845 2.23783 0.121006 16.2901 1
39.4424 0.0418409 0 0 8.09107 1.4738 0.0342418 12.2845 1
118.229 0.670492 1 2 3.64788 1.19346 0.439741 11.2423 0
55.193 0.418958 0 2 9.58586 1.68282 0.99646 13.2622 1
60.5216 0.00332652 1 0 7.434 2.40355 0.755943 12.5101 1
59.3832 0.613697 1 0 4.47096 1.95666 0.0979034 10.7052 0
103.739 0.910215 1 2 8.62941 2.27207 0.562975 10.7828 0
128.55 0.781457 1 1 1.23112 1.64803 0.434645 10.6822 0
53.1513 0.148198 0 2 2.73598 1.49651 0.702048 15.6219 1
92.5263 0.248909 1 1 8.4109 1.1702 0.427747 19.0821 1
50.9357 0.834651 0 0 9.51109 2.49538 0.242744 8.90607 0
77.7096 0.993164 0 2 5.57482 1.02719 0.898038 12.9357 1
122.117 0.0176397 0 2 9.99023 2.74551 0.486129 14.9244 1
104.215 0.785577 1 2 6.98599 3.74273 0.899228 9.81453 0
96.1458 0.884701 1 0 7.33421 3.90167 0.965758 7.13186 0
49.2022 0.382214 1 2 7.47002 3.41331 0.332255 11.2785 0
72.1491 0.316721 0 0 2.62734 1.92361 0.973174 13.5582 1
93.5182 0.995331 0 0 9.48943 2.01801 0.96057 9.48049 0
117.155 0.859218 1 1 9.21964 2.23664 0.331278 12.2568 1
109.659 0.056856 0 0 1.09134 1.03433 0.0241707 16.837 1
112.647 0.399854 0 0 9.59532 1.58238 0.507645 12.5063 1
38.2797 0.606769 0 1 7.38487 1.22257 0.342112 13.0003 1
57.8878 0.0492264 0 1 3.3964 3.05359 0.326731 19.4786 1
50.7099 0.132694 0 0 4.78011 1.51646 0.714621 12.6478 1
61.3517 0.0349742 1 1 0.315561 3.2129 0.127415 18.767 1
118.501 0.979217 1 1 8.65596 1.67504 0.720878 10.6721 0
66.5978 0.967803 0 2 3.39091 2.56853 0.846828 11.5681 0
120.689 0.157414 1 1 2.631 3.58113 0.775475 14.1097 1
128.727 0.747642 1 0 3.02591 2.36555 0.818476 5 0
127.409 0.14536 1 0 2.48909 1.69829 0.683432 9.07731 0
44.3681 0.769158 0 2 6.06037 1.05319 0.675985 10.3284 0
117.423 0.701559 1 2 1.25401 1.08451 0.0449232 12.3402 1
104.85 0.0887783 0 2 3.68084 1.2613 0.279336 18.8802 1
129.6 0.442244 0 0 5.22294 2.3889 0.832179 7.68025 0
50.8869 0.951445 0 2 3.1663 1.04614 0.652242 10.7638 0
126.558 0.58388 0 2 5.14786 3.30656 0.41496 10.5595 0
120.741 0.670583 0 1 7.61315 3.92337 0.164281 13.9686 1
75.6252 0.4485 0 0 3.50658 2.89941 0.377209 13.8575 1
64.2784 0.436079 0 1 1.16672 1.16306 0.231605 19.4636 1
39.7568 0.700461 0 0 9.12656 3.89142 0.764092 5.10127 0
105.942 0.312876 1 2 1.13437 2.36125 0.273537 15.0544 1
32.4018 0.447096 1 0 5.6035 3.39143 0.0587176 5 0
41.9297 0.617908 0 1 8.92117 3.7886 0.171545 12.6841 1
37.1688 0.925779 1 1 1.23295 3.35105 0.329875 7.96095 0
114.326 0.145543 0 1 5.26322 2.84054 0.659597 17.7812 1
38.8229 0.132328 1 1 6.77358 1.31477 0.742973 13.1522 1
79.1928 0.479904 0 1 7.99097 2.42991 0.552232 18.5079 1
68.5022 0.0551164 1 1 4.57869 2.5341 0.114689 19.7398 1
39.8575 0.00888089 0 1 8.77132 1.76586 0.118351 17.1784 1
45.9062 0.779626 0 0 9.67956 1.16828 0.535936 8.26335 0
112.763 0.365947 1 1 5.22691 3.01376 0.854762 14.318 1
117.133 0.256569 1 1 1.54576 2.96872 0.418195 15.4886 1
94.3666 0.997223 1 1 2.73293 2.21201 0.0336924 15.0639 1
50.9418 0.59685 0 0 5.74572 2.40043 0.758446 9.23353 0
65.7006 0.505539 1 2 2.32765 2.90793 0.314219 13.6121 1
81.5946 0.00149541 0 1 8.79299 3.48381 0.09064 21.9339 1
69.0027 0.488357 1 0 3.76598 1.63146 0.0444044 12.9316 1
84.9059 0.476302 0 2 8.417 3.60356 0.625996 15.2204 1
80.914 0.884426 1 0 2.06091 2.94876 0.267678 9.93611 0
58.8003 0.942442 0 0 6.49342 2.01636 0.600635 9.08469 0
51.4667 0.503464 0 2 8.1521 2.77178 0.501938 12.7274 1
62.6212 0.865627 1 0 4.24207 2.66073 0.977783 7.01461 0
39.9948 0.55443 0 1 5.82812 3.25584 0.714133 11.6593 0
63.4361 0.706809 1 0 0.256966 1.01099 0.511063 10.3639 0
120.683 0.740654 0 2 4.02173 2.33314 0.188177 12.0799 1
54.9336 0.976623 0 1 2.73507 3.9989 0.898129 11.4687 0
114.274 0.976623 1 2 2.26844 1.1149 0.806909 9.27518 0
67.8216 0.0756249 1 1 9.15891 1.31642 0.457076 19.2669 1
90.9455 0.12595 0 0 3.79681 3.39674 0.261635 15.9203 1
92.392 0.0507523 0 0 0.936308 3.60604 0.574297 15.5104 1
44.9907 0.491409 0 1 1.58391 1.71029 0.495926 14.848 1
96.6829 0.51558 0 2 8.32087 3.98718 0.219611 15.3918 1
127.342 0.22602 0 0 4.06934 3.15659 0.900723 8.93576 0
59.6823 0.900266 1 1 3.62255 1.96838 0.23426 13.7102 1
99.4388 0.509384 0 2 5.27329 2.9884 0.0394604 16.3837 1
61.1777 0.533311 1 1 9.48302 1.89523 0.988525 14.0708 1
104.313 0.36549 0 1 5.11429 1.98532 0.6133 18.4593 1
90.3351 0.442793 1 1 5.09842 3.58425 0.50856 16.4632 1
99.9393 0.516434 0 2 5.96576 1.43287 0.603504 15.7992 1
66.5398 0.820917 0 0 7.99799 1.5594 0.408704 11.483 0
129.298 0.793481 0 2 7.21519 3.3646 0.68096 7.87093 0
120.924 0.44969 0 2 3.50505 2.20844 0.0594195 14.1921 1
72.5825 0.487381 0 0 7.03787 1.03433 0.667867 13.7074 1
77.7493 0.660939 0 1 9.69176 3.09644 0.503586 17.0311 1
103.251 0.742485 0 2 5.99506 2.71236 0.706687 13.1085 1
114.265 0.225318 1 0 3.58837 3.4882 0.821436 9.77801 0
112.525 0.801263 1 0 6.70614 3.23313 0.457839 7.55186 0
77.5631 0.560289 1 0 6.02222 2.70238 0.0687582 12.2793 1
39.9765 0.723746 0 2 3.93902 3.63817 0.734733 7.924 0
110.92 0.437239 1 2 8.86135 3.14139 0.697165 11.8575 0
112.806 0.252388 1 2 6.27522 2.11844 0.119724 14.8308 1
101.34 0.580981 1 0 0.978118 2.56926 0.630512 10.4144 0
116.117 0.902554 1 0 0.295724 2.65679 0.911863 5.78942 0
118.388 0.815058 0 0 9.09696 2.33753 0.0517594 9.73807 0
53.4809 0.251076 0 1 7.23838 1.6657 0.859493 16.9104 1
82.9527 0.337046 0 0 8.15302 2.64333 0.562365 14.2887 1
73.6567 0.897397 1 1 6.54439 1.89285 0.157903 15.2958 1
97.3666 0.93762 1 0 4.09192 2.43568 0.850032 8.01636 0
98.0105 0.807306 0 2 6.9097 1.29069 0.76281 13.8589 1
96.2435 0.126438 1 2 1.43101 1.13166 0.453597 17.3243 1
46.9012 0.846828 0 2 9.61516 2.8063 0.815332 8.89613 0
54.4819 0.826533 0 2 9.63836 3.73586 0.779717 10.0049 0
93.7104 0.39143 1 1 7.28111 2.50398 0.515824 17.1922 1
126.35 0.166112 1 0 7.7279 2.16294 0.323496 9.63885 0
35.6764 0.0875576 0 1 0.0540178 1.47078 0.745415 14.5149 1
100.803 0.565172 0 1 6.63594 1.40046 0.205115 18.9244 1
123.237 0.265603 0 0 6.78762 3.94653 0.744743 9.44523 0
55.2754 0.399548 0 1 5.21409 3.5088 0.775079 15.5033 1
96.7379 0.287576 1 0 7.31437 1.43617 0.841151 12.4682 1
85.5773 0.662008 0 0 9.29258 3.20246 0.294443 12.6442 1
103.87 0.379742 1 2 9.67345 1.5866 0.193457 15.2504 1
96.1275 0.845332 1 1 5.46922 1.77163 0.681845 14.4223 1
75.1979 0.378185 0 1 9.36247 1.70626 0.424421 19.6494 1
64.5286 0.376354 1 2 3.3372 2.25477 0.164525 14.9875 1
81.5458 0.425459 1 0 2.63833 3.3614 0.4579 11.9599 0
60.3262 0.95529 1 0 2.99631 2.9462 0.501755 7.23666 0
47.8716 0.128544 1 2 8.79269 2.86288 0.496963 12.401 1
112.107 0.726371 0 2 0.19715 1.37968 0.387249 13.8815 1
116.502 0.142186 0 0 3.46232 3.04114 0.49556 12.7835 1
92.212 0.951415 1 1 0.538041 3.75967 0.811823 12.6417 1
100.421 0.706748 1 2 2.62947 3.86779 0.313334 12.1976 1
37.0345 0.396893 1 2 8.0633 1.27219 0.700705 8.67942 0
107.364 0.468886 0 2 1.28513 3.60137 0.629322 14.1071 1
55.4097 0.609912 0 2 3.6317 3.69796 0.156865 13.2508 1
110.145 0.0705283 0 2 8.01019 2.57338 0.245155 17.4692 1
110.593 0.266854 1 0 5.79089 1.11481 0.269417 12.8197 1
50.6305 0.635243 1 0 3.23801 1.88076 0.264107 8.77895 0
105.344 0.461165 1 2 2.83853 1.12323 0.807001 13.5833 1
56.3253 0.532365 1 0 0.932951 2.47404 0.405042 9.77385 0
66.9243 0.774255 0 0 0.570391 1.80038 0.337016 12.0969 1
82.3453 0.786065 1 0 7.10685 3.80801 0.0353404 10.442 0
32.2095 0.874722 0 2 7.08884 3.39024 0.516587 5.47482 0
129.988 0.341685 0 2 0.260628 2.72857 0.998932 10.2394 0
84.8235 0.837947 1 2 5.3032 3.41725 0.615314 11.498 0
98.8833 0.232551 1 1 4.71999 2.97778 0.60744 17.3945 1
108.906 0.997467 0 2 6.57338 1.36549 0.879238 11.2676 0
64.9162 0.628742 1 2 4.16456 3.98563 0.875759 10.6716 0
110.328 0.554888 1 1 6.62313 2.15571 0.253273 15.5161 1
103.733 0.924497 0 0 5.74694 3.85855 0.841792 8.4497 0
128.129 0.0144353 0 0 8.62972 1.25929 0.371929 12.3176 1
61.8949 0.553209 0 1 1.19663 1.04266 0.243294 18.5103 1
129.509 0.391278 0 1 9.49919 2.29002 0.730216 13.1735 1
77.0901 0.236579 1 2 6.5923 1.41081 0.552385 16.2472 1
63.195 0.70043 1 2 5.04715 1.17194 0.682821 12.1793 1
127.934 0.00207526 0 1 3.17942 3.87127 0.0184332 16.9461 1
50.8258 0.0867336 1 1 9.35942 3.39271 0.516037 15.3563 1
115.22 0.66332 1 1 4.07666 1.40101 0.568377 13.8588 1
36.8117 0.731132 0 0 4.24085 2.26521 0.415418 6.1652 0
102.423 0.679647 0 0 2.10028 1.0369 0.781335 12.0231 1
106.458 0.990356 0 0 7.66961 2.4376 0.843379 8.52917 0
36.3906 0.515397 0 1 8.59035 2.18766 0.321696 12.4741 1
32.2431 0.723411 1 2 6.72292 1.96133 0.763878 5 0
92.1021 0.934202 1 2 8.19452 3.0492 0.801538 10.4334 0
31.8891 0.0464492 1 0 1.90863 3.94845 0.434248 6.10166 0
100.305 0.212378 1 1 6.40492 1.26478 0.678976 18.1893 1
31.2421 0.472335 1 0 7.31315 2.07935 0.252663 5 0
86.6576 0.164434 1 0 1.40934 1.66826 0.105228 15.4923 1
33.2624 0.150456 1 1 5.87451 2.84741 0.526017 11.1732 0
37.8555 0.26426 0 1 5.83636 1.34251 0.236427 15.1903 1
113.102 0.354289 1 1 2.52541 3.3115 0.134342 16.0519 1
76.8734 0.150212 0 2 3.43577 3.70382 0.0524003 18.5403 1
101.77 0.0917081 0 1 1.2595 2.16239 0.039552 21.8219 1
38.1515 0.536607 0 2 6.93899 1.24519 0.796197 9.7545 0
99.2373 0.365093 0 2 6.5688 3.94873 0.539354 15.3943 1
47.2063 0.150334 1 1 2.48939 2.33369 0.392285 15.4305 1
84.4633 0.803613 0 2 6.43483 3.24696 0.234138 14.5188 1
89.5904 0.892483 1 0 9.42595 3.40947 0.243233 9.40243 0
77.6272 0.761345 1 0 4.39619 1.26011 0.971465 9.74113 0
64.6385 0.111942 0 2 8.03888 2.4767 0.266121 17.8348 1
70.9467 0.138676 0 0 3.37626 3.67077 0.691946 14.1645 1
121.955 0.805078 1 0 8.49605 2.26374 0.541276 6.13679 0
91.5253 0.774285 0 1 5.2443 1.43315 0.242744 18.1848 1
35.6917 0.834986 0 0 7.6574 2.24863 0.126102 5.84997 0
105.207 0.88818 0 2 8.67519 3.43593 0.976745 10.8206 0
46.3335 0.0349742 1 0 3.26273 3.2692 0.0667135 11.1614 0
126.802 0.364422 0 1 5.09842 3.48051 0.441725 14.1497 1
53.487 0.435408 1 1 3.19529 2.03348 0.0389111 15.9778 1
82.0402 0.264229 0 1 9.56633 3.67598 0.810022 18.4246 1
39.7842 0.965361 0 2 7.46361 3.90387 0.999054 5.48215 0
82.2843 0.486282 1 0 1.51891 2.01956 0.0284433 13.5257 1
106.724 0.95117 0 1 8.45454 3.20154 0.342723 14.498 1
37.4282 0.56389 1 2 0.91464 1.49312 0.108493 9.38093 0
71.5876 0.68923 1 0 7.14591 1.37217 0.986785 9.62054 0
57.5094 0.831172 1 0 9.27152 1.33226 0.650288 7.94734 0
72.4207 0.434126 0 2 5.55315 2.00491 0.126743 17.338 1
92.2303 0.233345 0 1 4.09619 1.0911 0.726646 20.4389 1
117.973 0.44261 0 0 5.01083 3.3202 0.807581 9.71374 0
42.1891 0.517655 1 2 0.193182 1.60939 0.77221 9.15938 0
64.376 0.372509 1 0 2.17109 3.68212 0.501511 10.8349 0
58.544 0.0515763 0 0 3.71044 2.85867 0.248024 14.8656 1
62.2092 0.476791 1 2 6.10492 1.33656 0.240974 14.3668 1
41.8473 0.697867 0 0 5.73595 3.78741 0.71511 5.93778 0
59.0963 0.78692 1 0 6.8627 2.30311 0.129032 9.25504 0
68.1848 0.65157 0 0 3.06131 2.56011 0.669301 11.5824 0
126.933 0.964019 1 1 4.54878 3.52446 0.873196 7.63559 0
123.957 0.54854 1 1 5.6209 2.88266 0.196478 12.8418 1
71.1969 0.843867 0 2 4.61898 2.38551 0.981506 12.4566 1
32.5788 0.0982391 0 0 4.34919 1.29078 0.320566 9.58811 0
35.53 0.0300913 0 2 5.98621 1.92022 0.0518204 13.5759 1
118.922 0.615711 0 0 1.04709 1.23063 0.966216 9.49324 0
100.061 0.330943 0 0 9.87762 3.81359 0.797143 12.3524 1
93.4785 0.742088 0 1 4.50117 1.35121 0.865627 16.8139 1
49.5563 0.507706 1 1 5.44328 1.04532 0.710227 13.643 1
60.3903 0.981475 0 2 5.8861 2.53548 0.632344 11.2072 0
119.673 0.836726 0 2 9.15494 2.09134 0.202307 11.6325 0
73.8795 0.0664998 1 0 2.5898 3.69805 0.726188 12.9298 1
78.9608 0.504135 1 1 5.28794 1.36869 0.279183 17.9688 1
99.1275 0.221931 1 2 4.30189 3.13581 0.269814 15.703 1
33.4852 0.979705 0 2 0.501114 3.4611 0.968047 5 0
88.5101 0.748375 1 2 9.76684 3.12738 0.773766 11.6226 0
112.061 0.377209 0 2 2.9725 3.96356 0.405896 14.2894 1
74.9385 0.624836 0 2 8.23572 1.39405 0.906095 14.6776 1
66.2163 0.52974 0 1 1.95441 1.91748 0.370342 18.2889 1
123.265 0.649861 0 0 7.65526 2.84631 0.632618 8.04387 0
62.1024 0.213202 1 0 3.24808 2.13804 0.697623 11.9122 0
80.9659 0.635731 1 2 3.19102 2.61568 0.477645 13.5648 1
114.402 0.765893 1 1 6.18732 1.65114 0.122745 14.27 1
42.9368 0.961241 1 1 6.13758 2.59041 0.438002 9.21441 0
77.3312 0.400555 1 2 4.54146 2.32215 0.21012 15.6545 1
104.731 0.00140385 0 2 5.75671 1.40248 0.350902 19.0813 1
127.656 0.914212 1 2 3.53496 1.94897 0.849818 6.30233 0
36.6958 0.212195 1 2 6.4742 2.94089 0.393262 9.51931 0
111.359 0.392682 0 0 4.17829 3.99203 0.898648 10.5104 0
80.3311 0.579485 1 2 1.30528 2.84896 0.0011597 15.0041 1
42.4271 0.00946074 0 1 0.585955 1.08661 0.570238 17.3703 1
60.5795 0.371441 0 0 0.690329 1.00055 0.969176 12.6541 1
100.809 0.254555 0 0 2.14087 1.91162 0.75045 14.2749 1
36.1251 0.282235 1 1 5.30686 1.48616 0.943754 10.9812 0
40.2115 0.0245064 1 1 6.52974 2.24177 0.158849 15.0654 1
86.4684 0.752861 0 1 3.17423 2.0831 0.0901212 18.4905 1
47.0324 0.0856349 0 1 8.05048 3.4753 0.818171 15.6375 1
72.3109 0.12479 1 0 6.69027 3.38008 0.510666 13.0615 1
52.0099 0.610645 1 2 4.44349 2.95929 0.255654 11.0185 0
116.862 0.946928 1 0 5.4149 1.57131 0.149998 7.76864 0
48.8238 0.913999 0 0 1.05808 1.42994 0.871761 7.3772 0
52.7577 0.844844 1 0 6.69515 1.29014 0.566881 7.39453 0
80.9934 0.293558 0 0 9.71038 2.20194 0.590716 14.6559 1
74.8592 0.496384 0 1 9.82452 3.60302 0.201941 18.3232 1
82.9557 0.154546 1 0 7.3336 2.76061 0.888821 12.7259 1
45.479 0.0636311 0 0 1.64953 3.29539 0.759606 10.9109 0
65.1634 0.467696 0 1 2.75094 3.51531 0.194189 18.0011 1
128.715 0.534989 1 0 3.58074 3.73843 0.165777 6.4564 0
79.4766 0.225806 1 1 4.83932 3.01807 0.101169 19.1266 1
96.097 0.457045 0 0 3.10984 3.79244 0.394726 13.1418 1
51.9703 0.0333262 1 2 8.26167 3.33943 0.459639 13.6034 1
60.314 0.107395 1 0 8.42555 2.26603 0.396863 12.8027 1
88.5803 0.418165 0 2 0.0778222 3.87201 0.817225 15.1861 1
68.7005 0.904447 1 2 3.80139 3.27396 0.53383 10.6974 0
106.69 0.0200507 1 2 8.14173 2.99792 0.529557 15.4548 1
37.0101 0.389996 0 2 7.35618 2.30467 0.4597 10.522 0
85.9801 0.608386 1 2 6.49892 2.16962 0.737999 13.2728 1
38.4689 0.0855739 1 0 2.79916 1.79186 0.405591 9.03709 0
126.469 0.0402539 1 2 0.302744 3.39692 0.972137 10.7643 0
96.1184 0.530442 0 0 4.15326 2.35493 0.450697 13.3862 1
113.599 0.913114 1 1 9.25321 3.28166 0.986511 10.272 0
70.4157 0.493057 0 2 8.38221 3.5132 0.725669 14.3306 1
81.9181 0.91641 1 0 0.540788 2.96295 0.217536 9.93441 0
101.49 0.325358 1 2 6.67348 3.45973 0.71334 13.4938 1
102.53 0.875759 1 1 5.98193 2.01636 0.568407 13.8448 1
68.6334 0.3296 1 1 2.0014 2.27226 0.018189 18.5935 1
58.132 0.325846 1 1 9.6643 2.85382 0.723014 14.9656 1
81.5549 0.454695 1 1 9.85168 1.62697 0.289682 17.9934 1
75.0484 0.280526 1 0 8.33186 1.88333 0.483352 13.2096 1
30.4456 0.259011 0 1 1.8009 3.52977 0.533311 11.1984 0
116.956 0.807276 1 0 3.06284 3.97061 0.334788 6.77042 0
108.161 0.491165 1 0 9.34751 3.67406 0.952147 8.43904 0
72.6557 0.186743 1 2 3.87402 3.98837 0.205329 15.7109 1
89.8041 0.479293 1 1 9.12381 1.63979 0.853694 16.4222 1
52.4464 0.971862 0 1 4.90707 2.80511 0.816523 11.9054 0
125.602 0.404096 0 0 1.77313 1.14612 0.158635 11.4132 0
106.925 0.277993 0 0 3.12723 3.3397 0.750755 12.5959 1
84.2955 0.0866115 1 2 6.44551 3.83557 0.784906 15.2897 1
61.3883 0.263405 1 1 4.16059 3.65172 0.0120853 17.2917 1
89.2456 0.776269 1 2 2.44209 3.46916 0.775933 11.4851 0
80.0961 0.119297 0 1 1.36204 1.84881 0.0534074 22.5264 1
30.2075 0.199469 1 2 0.171514 1.83673 0.62212 8.03365 0
100.687 0.111087 1 0 4.59975 3.21546 0.612323 12.8234 1
123.078 0.451918 0 0 6.57277 1.98972 0.913755 9.12033 0
72.2803 0.41615 0 0 9.87915 3.8048 0.864895 11.8592 0
39.9307 0.810877 0 1 6.73513 3.48775 0.38786 10.7492 0
53.5542 0.818506 0 1 6.02344 1.14896 0.993377 13.5366 1
55.5837 0.83581 0 0 4.88815 2.06131 0.714316 8.96858 0
42.1311 0.869625 0 0 6.44704 3.10486 0.89874 5 0
66.14 0.838191 0 0 5.43016 1.3296 0.13419 12.2516 1
76.4125 0.0326853 1 1 8.8403 1.54759 0.0967132 20.9177 1
43.3244 0.560747 0 0 9.54833 3.83071 0.440626 7.63813 0
37.8524 0.720359 1 2 9.58861 3.02219 0.43788 6.51013 0
107.102 0.338725 1 1 6.42659 2.51543 0.903012 15.4081 1
48.2501 0.137242 0 2 9.22514 1.93414 0.818812 13.9646 1
41.5696 0.743553 1 2 1.34922 2.88192 0.707205 7.01292 0
65.4686 0.576403 1 1 6.40187 2.79192 0.12363 16.0652 1
57.4911 0.360302 1 2 7.39189 2.97266 0.438215 12.8815 1
94.4673 0.412641 1 0 7.02811 3.7669 0.87875 10.3702 0
31.3916 0.547288 0 2 4.13404 2.39457 0.197302 8.69478 0
111.158 0.61745 1 0 8.60439 3.79711 0.144871 9.23784 0
39.1067 0.395154 0 0 7.16849 3.22013 0.243812 8.53923 0
106.974 0.308267 1 2 3.62377 1.99832 0.6339 14.1878 1
62.5663 0.269143 1 2 7.34123 2.97128 0.710227 13.4607 1
64.5897 0.770104 0 0 6.48579 2.63454 0.546678 10.6385 0
95.8132 0.906156 1 0 9.93744 2.74578 0.0814234 9.83684 0
32.4415 0.66921 1 2 1.89123 2.71969 0.81109 5 0
121.687 0.672231 0 2 2.64229 3.79171 0.882199 9.72504 0
40.0986 0.947508 0 2 5.45976 2.84429 0.876522 6.68079 0
87.1306 0.894131 0 0 8.30653 1.35102 0.500717 11.8694 0
50.6519 0.262093 1 0 5.5092 2.4192 0.6227 9.72293 0
84.8235 0.78048 0 1 5.59587 2.24863 0.425184 17.309 1
42.6041 0.947111 1 2 4.90219 3.58113 0.887387 5.04586 0
64.846 0.974944 1 2 8.76522 1.36814 0.497116 10.9426 0
114.677 0.443464 1 1 9.75646 1.88772 0.236366 15.6082 1
64.1563 0.855037 0 0 8.25678 1.72375 0.226905 11.3628 0
75.0972 0.100467 1 1 3.95764 3.01102 0.51616 18.6871 1
66.9976 0.934904 0 0 7.93664 3.15687 0.890133 8.6859 0
74.9019 0.314219 1 1 1.00131 3.30198 0.0666524 18.4463 1
107.908 0.771111 1 2 3.68236 2.6567 0.155705 12.0918 1
34.6297 0.268899 0 1 4.01166 1.71413 0.856166 12.5732 1
113.593 0.233619 0 2 3.07077 2.78643 0.516037 15.3396 1
58.721 0.204688 0 1 7.07358 3.51659 0.85818 16.9353 1
62.963 0.513871 1 0 8.27174 1.56655 0.914548 9.84121 0
93.6677 0.278085 1 1 2.50618 1.87399 0.342448 18.8529 1
38.5025 0.422926 0 1 5.21134 2.31025 0.828883 12.368 1
127.726 0.832942 0 2 5.69842 1.09613 0.028016 11.0637 0
59.6121 0.0124516 0 2 2.87057 3.18067 0.787469 16.243 1
113.63 0.386486 1 2 7.7926 2.53557 0.869076 11.7192 0
41.8351 0.950316 1 2 8.47713 2.53768 0.00326548 7.55365 0
84.3504 0.980987 1 0 3.18918 3.11979 0.237129 9.33658 0
127.653 0.0303659 1 0 8.5876 1.3264 0.622303 9.87163 0
87.5579 0.880337 0 0 9.70611 1.71276 0.0563372 12.7914 1
97.1926 0.31608 1 2 3.89355 3.71014 0.133213 15.2919 1
49.7729 0.0323191 1 2 0.5768 1.28675 0.658589 14.1927 1
103.4 0.33137 0 0 8.25129 2.74349 0.893735 12.4946 1
58.7729 0.389355 1 1 5.55101 2.62685 0.387677 15.7983 1
98.2028 0.0528275 1 1 1.21311 1.98825 0.619984 19.2096 1
85.0249 0.214484 0 1 9.37132 2.35786 0.912076 19.2902 1
36.8209 0.839595 1 0 9.45158 1.47224 0.189673 5 0
112.345 0.0172124 1 0 6.18427 1.85687 0.433821 13.1879 1
78.6648 0.495682 1 1 7.16147 1.15592 0.343333 17.911 1
77.0717 0.890347 1 1 4.138 1.46062 0.133152 15.9278 1
58.2998 0.0122379 0 1 0.100406 1.9747 0.965911 18.9273 1
86.3189 0.879849 0 1 1.88238 1.68383 0.88406 16.0297 1
90.7105 0.812494 0 1 3.54534 3.44664 0.709983 15.6667 1
61.8857 0.742088 0 1 4.08002 1.29197 0.14597 17.3686 1
114.298 0.144597 0 0 2.44942 1.64318 0.911374 12.9789 1
99.5425 0.145726 0 2 2.68227 3.40873 0.602832 16.9873 1
75.3597 0.262551 0 0 3.66344 1.89962 0.172216 16.0659 1
106.247 0.191595 0 0 0.80752 1.74792 0.208197 15.5889 1
31.352 0.824519 0 1 6.50014 3.85553 0.769005 7.13084 0
42.946 0.172277 1 1 2.88247 2.92734 0.430311 13.8814 1
109.809 0.152501 1 1 0.454726 1.15171 0.311563 18.6758 1
120.24 0.900784 1 0 4.49263 3.01303 0.297189 6.21002 0
117.805 0.256691 0 1 8.74905 2.22987 0.955229 16.0144 1
31.2085 0.831233 0 0 4.391 2.34129 0.946013 5 0
65.8715 0.458266 1 0 4.82223 2.07074 0.0801111 12.4144 1
122.273 0.695608 1 2 5.58367 3.63881 0.40556 8.84382 0
62.5175 0.674856 1 0 7.20145 1.23795 0.822016 9.2857 0
61.6294 0.617359 1 1 8.60897 1.88809 0.913785 13.8479 1
63.9244 0.581744 1 1 7.56951 1.13651 0.294259 16.3833 1
128.535 0.758141 0 1 4.27808 3.64531 0.815577 10.3684 0
40.1352 0.559984 1 1 8.59096 1.83187 0.905271 10.1411 0
77.0809 0.634358 0 2 1.5363 3.97061 0.627735 14.1128 1
56.7281 0.211066 0 2 3.38969 2.97751 0.973724 14.2561 1
88.6993 0.429395 1 0 4.93545 3.17417 0.820765 11.0562 0
82.092 0.884701 0 1 8.74508 2.23984 0.00335704 17.6097 1
79.9924 0.0511185 1 0 1.78991 2.56688 0.876614 13.6288 1
127.519 0.753136 1 2 0.341807 3.96612 0.620441 6.77646 0
39.8483 0.467788 1 2 7.61834 3.72588 0.863399 7.12432 0
122.837 0.101199 1 2 2.03162 2.58968 0.429548 12.9854 1
94.1377 0.122745 0 0 6.21601 1.80331 0.746635 15.4636 1
36.7049 0.307047 0 1 3.25236 2.28242 0.0302744 14.668 1
100.388 0.105777 0 0 3.95093 2.51268 0.556871 15.2643 1
80.6455 0.0924406 1 0 0.826441 3.51366 0.281594 14.3512 1
121.171 0.369427 0 1 2.78878 3.96988 0.980712 13.7888 1
101.624 0.64742 0 0 4.48073 1.35047 0.732078 12.1444 1
75.8876 0.749901 0 0 9.48241 1.95776 0.561602 11.9576 0
82.3545 0.804804 0 1 0.935698 2.39183 0.0732749 18.1005 1
88.7542 0.00766015 0 1 5.48418 1.76 0.112918 22.9843 1
43.6082 0.186224 0 0 0.485244 2.05325 0.646962 10.8191 0
98.7399 0.666219 0 0 9.73724 3.8721 0.783013 10.4525 0
91.4338 0.780969 1 1 3.91491 1.39149 0.570544 15.6 1
37.1688 0.226936 0 1 0.810877 2.01819 0.0975677 15.3493 1
86.8896 0.381726 1 2 7.62871 1.63393 0.0625324 16.596 1
73.4431 0.496628 1 2 2.15033 1.33985 0.860866 13.9149 1
48.7323 0.312479 0 0 2.21778 3.9566 0.176672 11.1489 0
41.2796 0.405805 1 1 0.689108 1.7719 0.650655 12.2992 1
43.5716 0.563677 0 0 5.65691 3.68862 0.514969 7.71367 0
49.4433 0.948668 0 0 1.06571 3.84536 0.41789 6.97878 0
85.324 0.42964 1 1 8.11853 1.90475 0.710013 17.0198 1
114.722 0.861507 1 1 1.36753 3.83419 0.0231941 12.751 1
69.1461 0.643056 1 1 2.29316 3.15732 0.673177 14.5803 1
93.3992 0.50264 1 2 7.98761 3.66985 0.0375683 14.5112 1
116.77 0.448317 0 2 2.33467 1.78921 0.917997 13.1337 1
93.1733 0.225959 1 1 3.05826 1.75423 0.425123 19.0348 1
122.871 0.675558 0 2 7.38334 1.71889 0.818751 10.6943 0
82.7024 0.480728 1 2 4.27473 3.09223 0.43849 14.2997 1
78.2131 0.292062 1 0 3.30241 2.67849 0.571184 12.768 1
43.6479 0.0432447 1 1 9.98596 3.4004 0.817835 13.3182 1
117.426 0.747032 1 2 0.0259407 2.49684 0.0151372 11.3368 0
92.2089 0.320444 1 1 8.46553 1.42335 0.81518 17.5436 1
109.69 0.308451 1 2 3.02713 1.01419 0.481399 14.8245 1
96.5883 0.680776 1 2 5.53301 1.95355 0.295206 13.7355 1
92.1906 0.150243 1 1 7.1337 3.48189 0.56035 18.0141 1
95.9627 0.397565 1 0 5.41429 1.4055 0.813562 12.0114 1
50.954 0.798181 0 2 0.456862 3.7007 0.287057 11.1113 0
47.7221 0.149022 0 0 2.16956 2.59554 0.770806 11.2546 0
94.5314 0.321299 1 1 6.85232 1.57717 0.816156 17.3913 1
55.8705 0.241066 0 0 9.43754 3.00855 0.109928 13.3675 1
55.3212 0.975951 0 1 8.31324 2.08209 0.350108 13.8625 1
126.5 0.923399 1 1 0.85696 1.67055 0.19071 10.9283 0
103.458 0.50444 1 2 5.28489 2.67373 0.00845363 14.5091 1
119.154 0.484848 0 2 8.6462 2.15305 0.0622883 14.1746 1
81.7716 0.581622 1 2 4.31318 1.96701 0.607959 13.93 1
78.0178 0.361309 0 2 9.61058 2.60414 0.990478 15.4206 1
80.0687 0.614368 0 2 9.95178 1.65993 0.0919218 16.7716 1
96.4357 0.399274 1 2 2.66121 1.39396 0.402356 15.6028 1
74.7768 0.860622 0 0 2.72897 2.35127 0.724174 10.8269 0
55.2968 0.80929 1 2 5.91052 1.35752 0.0147404 11.9156 0
79.1043 0.264229 1 1 8.42616 2.77453 0.272744 18.4758 1
42.421 0.34669 0 2 0.892361 2.09308 0.43788 12.5618 1
91.1927 0.132084 0 1 7.21122 3.00058 0.381939 20.6925 1
68.7768 0.992706 0 1 2.6484 1.70205 0.618946 15.2455 1
106.009 0.428938 1 2 5.5858 2.20652 0.283364 14.2626 1
110.96 0.00430311 0 1 3.5725 3.11347 0.733024 18.8616 1
83.5966 0.66393 0 2 0.822474 2.54537 0.0635701 16.396 1
89.92 0.782891 1 1 2.29591 2.09143 0.170934 16.2723 1
53.8868 0.711234 1 0 7.91253 3.3495 0.00302133 8.52793 0
106.376 0.698691 0 0 2.73324 2.56661 0.736167 10.6524 0
99.4571 0.0728172 0 2 4.21613 1.2461 0.160375 19.7817 1
55.7729 0.934874 1 0 8.98373 2.41655 0.672079 6.35437 0
104.715 0.680746 1 0 8.28059 1.61699 0.517808 10.0726 0
103.016 0.69512 1 1 5.309 3.64412 0.323801 14.5387 1
105.457 0.968902 0 2 7.89453 3.08509 0.756157 11.0971 0
71.4319 0.88934 1 1 3.17606 2.42103 0.715995 13.5947 1
129.176 0.253548 0 0 9.67162 3.22416 0.213538 9.80761 0
54.7902 0.785882 0 0 5.55651 3.06348 0.729118 8.47398 0
96.451 0.0627461 1 1 9.48759 1.33967 0.928343 18.5996 1
57.1584 0.23307 0 0 8.63613 1.06116 0.504166 13.8318 1
69.5062 0.581927 1 2 1.25309 2.84283 0.996094 11.8965 0
66.6619 0.0209967 0 1 8.98221 2.16111 0.824 19.8614 1
98.3096 0.454695 1 1 1.99042 2.29551 0.91055 15.8525 1
37.1657 0.911222 1 2 6.35701 1.5898 0.136753 6.90769 0
39.7446 0.422071 1 0 5.25681 2.53557 0.232032 7.24761 0
49.8828 0.925596 0 2 4.95437 1.16334 0.223518 11.6632 0
124.122 0.323862 1 1 3.89355 2.25312 0.960082 12.683 1
116.834 0.78518 1 0 5.15793 1.64629 0.897824 6.83847 0
127.702 0.449782 1 2 8.09442 2.87551 0.504044 9.22691 0
32.9359 0.0469375 1 1 0.202033 1.6657 0.18128 13.4688 1
93.0726 0.736808 1 2 7.14469 2.48759 0.274209 13.2685 1
45.305 0.630238 1 2 3.6259 3.1337 0.752892 8.21728 0
33.0824 0.491409 1 1 4.15235 3.65795 0.774194 8.02873 0
50.0079 0.175634 0 2 0.373241 1.85293 0.744591 14.6315 1
71.4014 0.793695 0 0 3.88134 1.31367 0.799432 11.3974 0
110.3 0.165929 0 1 3.09336 3.16401 0.778924 17.8581 1
126.152 0.140294 1 0 5.69628 2.10965 0.0493789 10.628 0
78.8388 0.08417 1 2 1.85156 3.49013 0.137974 17.1849 1
44.7984 0.831599 1 0 7.87042 2.91589 0.276345 5.56928 0
62.0139 0.213965 0 0 6.33747 3.8536 0.743919 12.443 1
61.1838 0.726096 1 0 7.32871 2.00336 0.142582 10.0403 0
49.9194 0.127049 0 2 1.01199 3.21693 0.844417 13.8153 1
81.6312 0.902524 1 2 1.59093 3.09836 0.365429 12.0248 1
113.026 0.57622 1 1 1.69042 2.24845 0.556291 14.3445 1
129.307 0.106754 0 0 8.43287 3.58159 0.623249 9.46048 0
98.804 0.54564 1 0 3.10739 2.17548 0.35197 11.6986 0
96.3503 0.246315 1 2 4.90249 3.61007 0.195929 15.6339 1
111.027 0.727653 0 0 7.24815 1.16297 0.801721 10.3816 0
84.8387 0.251503 1 1 2.04535 2.69808 0.551164 18.2226 1
83.4898 0.82223 1 0 7.9696 3.50404 0.0357372 10.3895 0
72.4787 0.975799 1 2 6.22608 3.20365 0.182745 11.4093 0
31.294 0.917173 0 1 4.86099 2.21082 0.0867336 9.30736 0
129.753 0.0833155 0 2 3.58898 2.08209 0.0870998 14.3996 1
38.6978 0.926389 1 0 4.71511 1.72631 0.142949 5 0
54.5521 0.69396 1 2 2.19031 2.08191 0.454543 11.0783 0
85.7726 0.770653 1 1 8.60256 3.81094 0.407849 14.5671 1
90.4358 0.550218 0 1 7.90826 3.13224 0.574328 17.624 1
88.9526 0.797815 1 2 2.64382 2.56926 0.350475 12.9591 1
68.3587 0.261391 0 1 6.66768 3.88995 0.736991 17.8464 1
95.5873 0.989471 1 0 7.39219 1.44954 0.264687 9.75915 0
71.261 0.393597 0 2 8.04163 2.14508 0.184332 17.1806 1
92.3066 0.909116 1 2 0.513016 2.23948 0.863399 11.1757 0
78.8937 0.432966 1 0 5.14054 3.9078 0.034547 12.4868 1
123.982 0.238502 0 1 6.47053 3.97931 0.735954 14.4602 1
119.261 0.582842 0 2 4.17158 1.38664 0.721122 12.5356 1
36.6286 0.252602 0 1 1.38127 3.68972 0.52324 12.9627 1
45.3661 0.582141 0 2 5.34349 1.60115 0.955382 10.6726 0
116.413 0.817591 1 1 7.40745 3.23579 0.23719 12.3377 1
84.3291 0.884335 0 0 6.18702 1.91098 0.677023 11.237 0
60.2988 0.594562 1 0 5.20463 1.90759 0.894803 8.96049 0
82.6749 0.232215 1 1 0.106204 2.18537 0.0218818 20.0219 1
44.7893 0.209479 0 2 1.33244 3.75555 0.1789 13.5686 1
109.293 0.534318 0 0 8.29524 3.53343 0.134556 11.9949 0
119.178 0.340739 0 1 6.37349 3.7561 0.800073 14.8078 1
88.684 0.612903 1 1 3.34483 3.35929 0.812098 14.9217 1
102.68 0.0989715 1 2 5.07736 1.87289 0.24366 16.9204 1
34.236 0.48384 0 2 9.12351 2.86462 0.607593 8.42432 0
71.7432 0.857112 0 0 8.3816 2.39851 0.268532 11.5615 0
46.6936 0.960814 1 2 5.13291 3.86569 0.274117 7.2421 0
48.3508 0.956206 0 0 4.9144 2.98053 0.501358 6.88818 0
49.4922 0.184851 1 2 5.74694 2.81097 0.415723 12.7336 1
104.3 0.589404 0 0 2.80648 1.83892 0.371868 12.8893 1
62.5114 0.783135 1 2 6.79342 3.03372 0.0587786 11.9802 0
42.5675 0.778222 1 1 7.5808 2.23215 0.080813 11.2826 0
81.5885 0.385815 1 0 5.07828 3.44865 0.685659 11.4914 0
68.0535 0.825129 1 0 4.79873 2.60881 0.912259 8.03122 0
45.4149 0.80285 1 2 1.94769 3.96026 0.213324 8.11771 0
77.9537 0.0825526 1 0 3.27494 2.47093 0.617023 14.0259 1
46.6173 0.906156 1 0 1.05869 2.67583 0.573138 5.16263 0
50.0079 0.442 1 0 2.25898 2.1308 0.433119 9.27922 0
92.4897 0.804163 1 2 4.45845 1.48589 0.0800806 14.0702 1
46.8676 0.746391 1 1 0.314646 3.6628 0.192419 11.5605 0
55.3548 0.857723 0 0 1.0889 3.55211 0.799585 7.82457 0
49.5105 0.486465 0 2 0.896329 1.79296 0.520707 13.2457 1
85.6291 0.097354 1 2 9.20408 3.62279 0.744255 15.3583 1
44.6123 0.785302 1 2 6.14093 1.61727 0.990997 7.35813 0
104.502 0.282388 1 2 0.131535 2.72784 0.0967437 15.6576 1
82.3423 0.926023 0 0 2.35145 2.26173 0.865474 10.4211 0
60.6162 0.821436 0 2 6.62435 1.58889 0.873989 12.1364 1
54.8573 0.66512 1 1 4.35713 2.27711 0.384198 13.786 1
38.4323 0.674459 0 0 5.93249 1.87335 0.653371 6.51622 0
84.2222 0.418958 1 1 7.57469 3.06714 0.0520035 18.0492 1
57.6467 0.803186 1 1 6.97165 3.10688 0.297037 13.0352 1
114.198 0.240791 1 1 2.49306 2.35621 0.667074 15.7996 1
115.855 0.356365 0 0 3.78826 1.51097 0.157445 13.3634 1
35.6001 0.445936 1 1 2.64382 2.99097 0.546251 10.0387 0
112.675 0.192022 1 1 5.20707 2.1221 0.157292 17.6546 1
102.643 0.915952 1 2 0.176397 2.61046 0.16364 11.9511 0
65.6792 0.176977 1 0 4.30494 1.15848 0.528214 13.5266 1
79.617 0.645894 1 0 9.21506 2.288 0.848659 10.0265 0
98.9535 0.588702 1 0 2.47963 2.59746 0.995361 9.58896 0
57.0211 0.116764 0 1 2.40303 1.5183 0.920164 18.412 1
66.5673 0.500626 0 1 2.58034 1.18915 0.931059 17.5135 1
55.0862 0.701437 1 1 6.78426 3.2736 0.282144 13.1789 1
78.146 0.886898 0 2 5.12253 2.54024 0.596332 13.4528 1
54.0333 0.674429 1 0 7.59301 2.6567 0.704886 7.44642 0
34.4618 0.955992 0 0 2.25135 3.31471 0.169378 5 0
116.422 0.616413 1 2 8.95657 1.3068 0.383618 11.7803 0
70.3851 0.546709 0 1 7.10959 1.91784 0.94937 16.9487 1
59.9783 0.20896 1 0 5.11765 1.55052 0.533555 12.3499 1
52.5074 0.913511 1 1 2.84158 2.09738 0.0475478 12.886 1
62.3252 0.730064 1 0 0.906705 1.70177 0.367687 10.008 0
102.64 0.518235 0 2 6.90268 3.61849 0.161992 15.3016 1
93.8997 0.109409 1 1 1.9895 3.27827 0.438551 18.7888 1
127.717 0.160192 0 2 3.84564 3.39839 0.797784 11.8614 0
45.1555 0.311045 1 2 0.216681 3.59816 0.631489 10.2433 0
44.8015 0.534379 0 2 4.63576 2.11231 0.673544 11.2557 0
101.126 0.202918 0 2 3.3961 3.61455 0.701376 16.1133 1
108.802 0.740226 1 1 3.99274 2.16697 0.165471 14.9188 1
82.8245 0.0754418 0 0 8.2815 1.32118 0.769066 16.1289 1
92.8162 0.99176 1 2 0.563066 3.97153 0.610675 10.2491 0
84.0178 0.707327 1 0 6.77267 2.99124 0.266518 10.8553 0
49.4739 0.430311 1 2 9.11954 3.4785 0.246712 11.1612 0
45.1128 0.472243 1 2 4.46669 1.26405 0.0644856 11.9358 0
108.268 0.137913 1 1 0.719321 2.90234 0.629841 17.1154 1
86.8102 0.560656 1 0 4.09467 1.05832 0.555834 12.259 1
51.6529 0.818995 0 0 7.09647 1.22642 0.67098 8.91067 0
36.2838 0.0801111 0 0 0.211188 2.82232 0.932371 8.44246 0
73.7971 0.784173 0 1 0.720542 1.44844 0.0893277 18.4259 1
81.4481 0.721244 1 0 2.0835 2.1254 0.401898 11.0843 0
72.9212 0.457411 0 1 3.24229 1.37483 0.223762 19.9492 1
45.8391 0.959624 0 2 5.25407 1.41264 0.273721 10.3325 0
73.7025 0.26252 0 2 3.6494 2.01938 0.895566 16.5892 1
51.2653 0.532365 0 0 5.00504 3.2649 0.319529 10.2864 0
32.6215 0.0520951 0 1 4.66231 1.17771 0.502091 14.4806 1
89.3402 0.303537 0 2 3.18094 1.10694 0.217505 18.9068 1
59.1025 0.845424 1 2 2.95907 2.40217 0.866329 9.63885 0
119.386 0.74514 0 2 9.75921 1.35963 0.833735 11.0768 0
100.952 0.16657 0 0 6.95212 2.27143 0.697256 14.5387 1
111.121 0.230628 0 2 8.4753 1.91235 0.215003 16.8242 1
107.074 0.34724 1 1 6.33503 2.41133 0.956267 15.293 1
118.736 0.293222 1 0 7.93756 2.87423 0.0829493 10.6443 0
105.442 0.402081 0 2 1.70049 2.04657 0.0979034 16.9853 1
70.8002 0.0650349 0 0 2.25623 3.22965 0.956725 14.2366 1
33.0641 0.126041 0 2 1.44902 2.83377 0.186529 11.5739 0
50.5176 0.413282 1 0 4.54299 3.63231 0.416913 8.61033 0
39.1952 0.525437 0 2 8.23328 2.20478 0.408124 10.4414 0
85.4674 0.946104 1 0 8.90164 3.52043 0.0802332 9.49836 0
66.0546 0.204718 1 2 9.54833 3.32487 0.62389 14.1779 1
128.068 0.205023 1 0 8.05811 3.38118 0.206702 8.54874 0
105.283 0.512711 0 2 8.02789 2.90829 0.472945 14.6635 1
49.3793 0.11185 0 0 0.730918 1.71413 0.138005 13.9771 1
45.7445 0.729637 1 0 7.81213 1.41218 0.252083 7.35646 0
52.8858 0.224219 0 0 1.54515 1.42528 0.587115 12.99 1
81.5854 0.977935 1 2 5.24766 3.42686 0.506638 10.8934 0
103.107 0.700369 0 0 2.94931 1.38719 0.793359 11.5608 0
51.2073 0.48619 1 1 6.41591 2.26246 0.0795923 14.9044 1
119.834 0.202918 1 2 9.47478 2.1081 0.348857 13.2163 1
40.5869 0.955077 1 1 1.82073 1.68877 0.41612 9.42918 0
73.9314 0.412 1 1 6.02618 2.24442 0.713981 16.6424 1
120.368 0.689871 1 1 1.23997 2.36894 0.327677 12.8742 1
98.2485 0.490158 1 1 9.95575 3.42586 0.7004 15.2126 1
108.384 0.50264 1 0 0.513321 1.64364 0.314066 11.4638 0
59.4504 0.877102 0 1 7.70684 3.9349 0.131382 14.5505 1
69.6496 0.771142 1 2 8.16126 1.81439 0.0417798 13.5347 1
85.9435 0.307199 0 2 7.07297 3.55275 0.117283 17.5819 1
97.3421 0.0987884 1 1 4.42213 2.84017 0.81521 17.8838 1
76.1776 0.0722678 1 1 1.83874 3.73193 0.535173 18.507 1
73.2295 0.373302 0 0 9.86175 2.26722 0.97116 12.8389 1
82.9313 0.411054 0 0 3.00241 1.56014 0.998321 13.5847 1
96.7531 0.29667 0 2 6.33564 2.1287 0.209418 17.9107 1
45.0914 0.629505 0 1 6.20411 1.11115 0.470656 14.3029 1
111.219 0.282266 1 2 1.09684 3.36552 0.0590533 14.4763 1
81.735 0.259865 0 2 4.60219 3.11017 0.347087 17.6161 1
55.8797 0.60802 1 0 6.39393 2.89163 0.105838 9.55414 0
35.9542 0.381298 1 1 6.53981 2.75567 0.908902 9.62228 0
46.1382 0.506333 1 0 3.35856 2.64672 0.388836 7.85566 0
121.195 0.273934 0 0 4.16395 1.40458 0.197577 12.8057 1
43.773 0.084048 0 1 1.48534 1.71065 0.641163 16.6554 1
42.2929 0.986053 0 0 8.94009 2.01892 0.157781 6.65805 0
37.1535 0.225349 1 2 4.86709 2.67776 0.928159 8.44051 0
100.602 0.286477 1 0 9.0109 1.17148 0.00283822 14.3742 1
120.188 0.562548 0 1 4.82284 1.875 0.846065 14.3487 1
108.939 0.977386 0 1 7.82281 1.38014 0.782708 14.0724 1
51.3141 0.827754 0 0 6.83523 3.54323 0.916166 6.80063 0
101.09 0.777154 0 0 9.63042 1.97031 0.705039 10.9304 0
102.027 0.0493484 0 0 9.129 2.63747 0.263924 15.9304 1
83.9537 0.0806604 1 0 1.65227 3.91925 0.505875 13.6389 1
81.2711 0.754021 1 0 1.93915 2.34669 0.236976 11.1686 0
111.097 0.982879 0 1 1.03214 2.59572 0.706046 13.4371 1
59.6823 0.203894 1 0 1.87506 1.62587 0.415052 12.7031 1
116.88 0.141484 0 2 3.60179 3.34565 0.552965 14.8895 1
128.825 0.365917 1 2 5.93341 1.88278 0.623035 9.8318 0
102.823 0.479354 0 1 7.01376 2.86352 0.45732 17.7275 1
127.607 0.396374 1 2 6.00818 1.31376 0.200262 11.3395 0
75.1094 0.508438 0 1 9.34416 3.61061 0.41554 17.7432 1
63.6253 0.559587 1 2 8.34651 2.13401 0.0325327 14.0094 1
56.5358 0.326792 1 0 2.02246 1.55757 0.887356 10.3469 0
63.5276 0.306467 1 0 4.60158 2.95911 0.837855 10.6391 0
100.342 0.215369 0 1 9.16105 1.63485 0.49852 20.1009 1
116.502 0.34138 0 1 3.19987 3.75179 0.0442824 17.2993 1
79.6048 0.374065 0 0 0.308237 2.82076 0.385937 14.606 1
40.6815 0.531602 1 0 2.87088 2.91488 0.427351 6.19303 0
76.9131 0.805933 0 1 6.55477 3.18305 0.62096 15.8896 1
116.682 0.0859401 1 0 5.6798 3.17426 0.613941 10.8357 0
117.124 0.814692 1 1 7.04367 2.77032 0.563921 11.7038 0
107.422 0.173589 0 1 5.99078 1.71981 0.734184 19.0737 1
33.9338 0.144353 0 1 0.551469 2.4149 0.839259 12.8658 1
32.3652 0.69396 1 0 5.70544 2.54097 0.0352184 5 0
101.02 0.588641 0 0 1.10416 1.61901 0.506882 13.0723 1
98.5568 0.872921 0 0 6.14856 1.87445 0.288614 11.7865 0
53.1117 0.0566424 0 0 3.8847 1.14676 0.561113 14.1861 1
123.997 0.369457 1 1 4.32997 2.05683 0.45027 13.8138 1
34.532 0.723411 0 0 4.20118 1.08341 0.741905 5.47603 0
32.8871 0.258583 1 0 7.275 1.70891 0.392956 6.38201 0
104.05 0.145329 1 2 4.24177 1.35267 0.41963 16.4027 1
69.555 0.235084 0 2 3.90973 3.96521 0.752098 15.6254 1
58.8766 0.208533 1 2 6.0448 2.3607 0.635701 13.9208 1
81.1887 0.28312 0 0 0.887783 3.24851 0.13065 15.5538 1
79.0432 0.621723 1 2 0.768761 1.93652 0.875698 13.0922 1
71.38 0.503647 0 0 7.98059 1.78317 0.223701 14.1502 1
99.0512 0.496872 1 1 0.230415 3.45497 0.443587 16.0759 1
39.0915 0.410871 1 1 1.48503 2.48421 0.971313 10.4627 0
49.0863 0.499832 1 2 3.01401 2.3075 0.0174261 12.156 1
103.733 0.425367 1 2 1.77984 1.95795 0.757408 13.6347 1
35.5788 0.22663 1 2 0.539567 2.13401 0.727134 8.98421 0
89.2547 0.128605 1 2 4.92935 3.95303 0.0647298 16.7715 1
113.111 0.995056 0 0 4.49995 1.78967 0.526322 8.86991 0
110.584 0.729179 0 2 9.34965 3.5988 0.997406 10.9122 0
99.158 0.257881 0 0 2.33161 3.29942 0.359935 14.5304 1
87.1184 0.747185 1 0 8.25465 1.03571 0.818873 10.3468 0
62.197 0.471877 1 2 8.11396 3.39637 0.27723 12.9979 1
113.007 0.776818 0 1 8.1576 1.44102 0.250557 15.9662 1
34.9715 0.617328 1 1 8.72585 1.04807 0.840083 9.05359 0
54.6986 0.962889 0 1 4.3379 2.87744 0.853725 12.2392 1
30.7691 0.784051 1 1 5.50127 2.00089 0.54268 7.11113 0
35.4476 0.148656 0 0 7.1807 3.70016 0.508316 8.09061 0
33.6561 0.444777 0 1 6.25507 3.21052 0.12775 12.0854 1
116.77 0.147404 1 2 9.87365 1.33702 0.927 13.1241 1
56.5175 0.351054 1 1 7.64885 1.4359 0.26896 16.6205 1
110.38 0.880062 1 0 9.37559 3.96887 0.423353 6.94822 0
75.7137 0.535783 1 1 9.67772 2.64296 0.727378 15.6009 1
63.7718 0.835108 0 0 0.0814844 3.8732 0.923551 8.69192 0
121.021 0.814936 1 1 8.85067 1.55071 0.393475 12.0534 1
70.5957 0.0664388 0 1 4.48714 3.81698 0.585559 19.7093 1
86.2761 0.573168 0 2 0.638752 2.05847 0.232154 16.8186 1
75.8785 0.375988 1 1 8.59554 1.77071 0.503067 17.6902 1
92.8986 0.620411 0 0 1.23569 2.75915 0.671651 12.325 1
88.6322 0.056856 1 0 3.12449 1.24775 0.940275 14.2132 1
47.1209 0.642232 1 1 9.86785 2.67501 0.0507218 12.8519 1
92.5752 0.223853 1 0 5.96149 2.6166 0.500137 13.2673 1
45.3752 0.363262 0 1 2.0542 2.10938 0.982574 14.2301 1
72.5886 0.953612 1 0 8.04346 2.66878 0.692953 8.03183 0
62.7677 0.122623 0 0 7.59453 3.4633 0.53386 13.8019 1
62.0933 0.827754 1 1 5.18967 2.429 0.669515 13.0514 1
70.141 0.249428 0 1 0.900906 1.40587 0.581805 20.1557 1
77.7828 0.637501 1 2 3.5728 3.53142 0.543992 12.7253 1
127.549 0.551073 1 2 1.87933 2.27674 0.220466 9.94132 0
55.1228 0.595599 1 0 7.79229 2.34751 0.871151 7.86788 0
59.3588 0.509507 0 2 9.0701 1.41594 0.27015 15.3597 1
43.6113 0.0375072 1 2 9.12656 1.29756 0.597217 12.6875 1
90.5365 0.548479 0 0 9.541 3.64165 0.421522 12.6506 1
77.1664 0.899167 0 1 8.74783 2.28993 0.288217 16.6325 1
77.7371 0.112003 1 2 8.22657 2.69039 0.947295 15.2099 1
114.976 0.86288 1 0 7.73034 3.88922 0.786035 5.53761 0
65.2184 0.405194 1 0 9.36552 3.49232 0.860469 9.6988 0
63.8694 0.588305 1 0 3.83038 1.48231 0.772454 10.0654 0
96.4876 0.619282 0 2 0.579852 2.03211 0.518784 15.4783 1
57.6345 0.517014 0 2 5.5089 1.27439 0.160924 15.5413 1
80.737 0.418439 1 1 2.29255 3.63002 0.589129 16.5074 1
93.7715 0.984313 0 1 7.73736 1.26798 0.909665 15.1729 1
111.097 0.529496 1 2 7.75079 2.14151 0.625599 12.0959 1
126.924 0.412061 0 2 3.06711 1.35148 0.882076 11.5829 0
121.62 0.575121 0 1 8.26044 2.18757 0.897855 13.5482 1
102.774 0.820032 0 1 6.45589 1.10236 0.900113 15.6575 1
114.747 0.949065 1 0 0.514542 2.47111 0.164403 7.71628 0
99.1 0.402081 1 2 4.70138 1.78152 0.260475 15.4462 1
52.8797 0.674398 0 2 4.39558 3.88226 0.438276 11.5859 0
34.7792 0.0961333 1 2 2.30659 1.13953 0.847041 9.77919 0
49.2816 0.938536 0 0 6.61489 3.82028 0.0677511 7.70347 0
124.827 0.554613 0 1 6.38203 1.92938 0.692343 13.7191 1
77.3251 0.48323 1 0 4.24177 2.33515 0.278024 12.4911 1
112.83 0.322489 1 0 5.09934 2.31712 0.546922 10.7603 0
105.588 0.376385 0 1 8.82656 3.70162 0.312662 17.8433 1
114.066 0.978607 1 2 8.44325 1.5692 0.828974 8.75331 0
121.958 0.0190741 1 2 2.71065 2.24223 0.105533 14.6569 1
65.0841 0.11243 1 1 7.83959 2.3444 0.375713 18.3945 1
95.2486 0.684042 1 1 0.462966 3.01019 0.626667 15.0127 1
111.793 0.927824 0 1 3.91675 3.50844 0.827326 12.7126 1
100.382 0.553056 0 0 6.44032 3.67461 0.304361 12.4281 1
90.1276 0.599841 0 0 0.423902 2.50252 0.364269 13.5003 1
65.3984 0.255654 1 0 0.513016 1.02646 0.859676 12.4072 1
73.91 0.898404 1 1 8.44661 2.78845 0.0241707 15.0361 1
48.0334 0.427808 1 1 4.25306 1.29151 0.114872 15.1959 1
95.8589 0.646931 0 1 9.76073 2.66054 0.0572527 18.3072 1
78.5733 0.937346 1 1 5.59008 2.28471 0.490799 14.2668 1
102.747 0.939207 1 2 2.72561 3.61858 0.877987 9.32137 0
77.1572 0.283395 0 1 7.40013 1.74746 0.603168 19.912 1
96.3961 0.31196 1 0 9.75433 2.41444 0.248726 13.1527 1
129.509 0.398328 1 1 0.890225 3.33732 0.238441 12.2335 1
51.4789 0.893948 0 2 3.38725 1.6972 0.521744 11.1488 0
48.366 0.785241 0 2 4.27534 1.07205 0.654866 11.2008 0
101.386 0.545366 1 1 9.58953 3.756 0.188696 15.715 1
120.695 0.739006 1 0 7.33909 3.94781 0.242866 6.56569 0
56.8807 0.793664 0 0 3.29234 3.07904 0.771447 8.73279 0
105.701 0.447645 1 2 9.29197 3.30793 0.713431 12.3207 1
82.0402 0.58327 0 0 3.7553 3.17673 0.353862 13.1537 1
68.6395 0.178503 0 1 7.11692 1.74215 0.789727 19.5108 1
109.775 0.118229 1 1 7.14805 2.24277 0.932859 16.4439 1
72.0148 0.646962 0 0 0.604877 1.18366 0.481094 13.312 1
48.3386 0.00671407 1 2 2.24403 1.6137 0.376751 14.5077 1
62.6334 0.166723 1 2 4.75143 2.8507 0.0432752 15.914 1
122.547 0.14597 0 1 3.39579 2.51708 0.251259 17.5195 1
51.6041 0.417859 0 0 6.37165 3.10724 0.301675 11.1285 0
121.708 0.936247 0 0 4.36323 2.14426 0.226844 8.20318 0
47.9296 0.76339 1 0 5.96576 1.57076 0.758263 6.32495 0
103.113 0.109684 1 1 8.30897 1.51894 0.347331 19.1527 1
36.9399 0.126408 1 1 4.22987 3.25684 0.443556 12.3631 1
37.59 0.329203 1 1 4.59853 2.83312 0.237098 12.0776 1
55.248 0.628559 0 2 1.46397 3.58351 0.438826 12.5517 1
94.6992 0.378155 0 2 3.22886 3.76342 0.483077 15.9889 1
66.3598 0.614154 1 1 3.69243 3.05441 0.00192267 16.1755 1
62.3099 0.850063 0 1 3.96496 2.64196 0.0703146 16.1583 1
48.3905 0.468642 0 1 7.84997 3.75271 0.913785 13.2246 1
90.8112 0.381878 1 0 0.891446 1.09787 0.00167852 14.7201 1
129.634 0.90643 1 2 6.13422 1.80029 0.638936 6.39112 0
58.4982 0.281259 0 0 5.28489 3.80508 0.218482 12.9317 1
111.954 0.280587 0 0 2.85836 2.04099 0.796228 12.567 1
84.799 0.501633 0 2 1.76489 1.12085 0.784936 16.3935 1
68.2214 0.0787988 0 2 2.0661 1.7513 0.880398 17.5149 1
83.5966 0.944121 1 1 5.8272 1.57735 0.129032 15.6568 1
50.896 0.239113 0 1 7.09403 1.57094 0.797143 16.725 1
63.3384 0.638508 1 0 6.35029 2.23719 0.0719016 10.9108 0
67.1929 0.375958 0 2 0.383923 2.42387 0.187933 17.0188 1
55.6996 0.0979034 0 0 5.74938 1.76321 0.552019 13.9695 1
123.96 0.570116 0 0 9.45891 3.36479 0.360729 8.67739 0
103.254 0.684713 1 2 4.37452 1.50969 0.482833 12.9928 1
85.5559 0.175512 0 0 9.27335 2.40245 0.525376 15.4666 1
71.1786 0.786706 1 1 5.77624 2.92935 0.201514 15.0813 1
82.678 0.254067 0 2 8.45912 1.79196 0.591388 17.7108 1
81.0147 0.613147 0 2 6.81478 2.96176 0.591632 14.882 1
121.977 0.892026 0 1 3.46446 1.4358 0.637715 12.8425 1
108.423 0.101596 1 2 2.55593 1.71001 0.325419 16.2252 1
38.002 0.903531 0 0 6.5804 1.25901 0.939787 5 0
54.3294 0.404981 0 0 1.69347 1.48662 0.891202 11.3569 0
62.7158 0.413587 0 0 7.52373 3.10074 0.762139 11.6989 0
102.094 0.328471 1 0 5.12803 3.111 0.276925 12.2726 1
126.295 0.657735 1 1 9.91485 1.16855 0.617969 11.4857 0
125.16 0.534104 1 0 9.58098 3.02118 0.494919 6.69418 0
108.677 0.166051 0 0 9.86419 1.81585 0.989074 13.1266 1
122.273 0.948454 1 2 0.942717 1.21662 0.68215 8.25102 0
96.5975 0.439222 1 2 0.228889 2.68252 0.211463 15.1419 1
43.5685 0.226508 0 1 9.73998 2.13932 0.418287 15.7644 1
128.395 0.397198 0 2 7.1691 2.48686 0.992676 10.2194 0
42.8361 0.961272 0 2 4.86831 2.20835 0.296609 9.11762 0
91.1255 0.414777 0 1 1.66387 2.31913 0.457595 19.4126 1
61.7698 0.214301 0 2 2.85501 1.72137 0.784356 16.2096 1
33.9369 0.775994 0 2 3.91186 2.56249 0.348949 7.59642 0
33.5218 0.499222 0 0 9.62493 1.09943 0.145634 7.82405 0
40.7364 0.005768 0 1 9.24772 1.91446 0.658254 15.9615 1
97.7236 0.202246 0 0 1.28086 1.85632 0.796716 14.7828 1
126.475 0.899594 0 1 6.66219 2.78524 0.16068 12.0799 1
59.9234 0.201361 1 1 1.08036 2.09336 0.0409864 18.4348 1
47.3559 0.29078 0 1 1.41484 2.98154 0.696554 15.3077 1
117.707 0.766137 0 1 2.74514 3.63204 0.823939 12.6727 1
108.478 0.802698 0 1 7.86279 3.41588 0.207678 15.3964 1
125.935 0.315561 1 1 6.84957 2.97073 0.0686666 14.0209 1
75.1613 0.144688 0 2 3.71624 2.99619 0.125462 18.7194 1
