1000
0.420087 0.815668 0.415113 0.19895 0.7781 7.17124 0.966002 0.235969 0 1
0.233131 0.749382 0.389935 0.263314 0.669485 6.37043 0.880795 0.0965606 0 1
0.949522 0.365825 0.263344 0.41615 0.0675985 3.45561 0.628742 0.48619 0 1
0.118564 0.130222 0.299966 0.883175 0.236702 2.25593 0.533586 0.0155644 63.2363 0
0.16184 0.0161748 0.864162 0.715842 0.588641 3.42387 0.49733 0.685781 108.258 0
0.955199 0.759636 0.658254 0.076693 0.827418 0.0982696 0.301004 0.985778 0 1
0.535539 0.737724 0.0858791 0.149327 0.218574 9.81872 0.030427 0.61504 0 1
0.933287 0.472793 0.740349 0.673605 0.983978 2.68838 0.627033 0.831416 0 1
0.129032 0.761193 0.0175787 0.105777 0.82107 5.79119 0.563616 0.423444 1.00751 1
0.135807 0.427198 0.854946 0.403821 0.547594 3.85205 0.645131 0.30839 62.826 0
0.205969 0.702078 0.593982 0.4373 0.87112 6.15406 0.934446 0.75457 20.9211 0
0.163274 0.227668 0.969054 0.0227973 0.283364 9.70092 0.803156 0.229225 88.5587 0
0.859981 0.68569 0.220435 0.58388 0.0800195 8.63033 0.107395 0.871151 0 1
0.758751 0.0512101 0.332774 0.436323 0.505142 9.88037 0.48854 0.588153 0 1
0.63979 0.47203 0.398144 0.698355 0.020539 5.10178 0.799005 0.780023 0 1
0.432844 0.772149 0.104495 0.825587 0.700613 8.8226 0.653035 0.685904 0 1
0.1742 0.58092 0.348918 0.771447 0.75161 2.86172 0.102573 0.357189 6.24592 1
0.0887783 0.0869472 0.975799 0.772149 0.156285 6.99393 0.437941 0.254952 93.4799 0
0.797174 0.416944 0.640278 0.756859 0.443525 5.86291 0.11359 0.472823 0 1
0.64745 0.639576 0.796411 0.382946 0.582598 2.14637 0.799005 0.584429 0 1
0.172582 0.394452 0.81048 0.696097 0.00292978 5.96881 0.554308 0.116214 36.7864 0
0.67217 0.146031 0.199255 0.415387 0.73867 0.566424 0.131321 0.645039 3.22199 1
0.919584 0.0625019 0.993439 0.843593 0.697897 4.20209 0.39903 0.520798 0 1
0.993927 0.5197 0.225593 0.402173 0.0574969 8.32698 0.894589 0.214148 0 1
0.23719 0.229987 0.543809 0.79165 0.782617 1.99622 0.498947 0.289132 57.2794 0
0.336222 0.996246 0.949767 0.776482 0.270974 2.53426 0.2378 0.000762963 0 1
0.52971 0.0905484 0.661977 0.595477 0.122745 2.44545 0.207251 0.517899 28.5718 0
0.940245 0.258461 0.104282 0.996826 0.0347606 2.58126 0.624592 0.770623 0 1
0.0313425 0.347575 0.0189215 0.89819 0.820307 1.55278 0.00408948 0.923002 49.6866 0
0.189611 0.561602 0.705008 0.672079 0.553362 1.39531 0.4579 0.470901 27.4986 0
0.431532 0.339244 0.381481 0.0557268 0.838496 9.48241 0.121555 0.964415 21.9176 0
0.235664 0.858089 0.675863 0.686575 0.205054 6.68935 0.70513 0.355602 0 1
0.499649 0.163457 0.237068 0.262062 0.626972 1.80822 0.168676 0.971252 31.3523 0
0.622242 0.922544 0.474044 0.325053 0.167058 2.21107 0.52324 0.110294 0 1
0.710257 0.802973 0.418836 0.673879 0.746696 0.764489 0.756462 0.266762 0 1
0.910764 0.476943 0.714988 0.397534 0.040315 8.9938 0.883511 0.977203 0 1
0.867946 0.25016 0.730674 0.535875 0.494919 6.49586 0.122776 0.293405 0 1
0.305216 0.315561 0.797205 0.364574 0.474654 6.60512 0.196753 0.880184 46.756 0
0.732322 0.632313 0.57213 0.305551 0.530259 8.30653 0.757653 0.737754 0 1
0.27723 0.429823 0.527543 0.461989 0.793695 4.39863 0.938261 0.549699 41.7183 0
0.643239 0.336436 0.563463 0.778436 0.497604 5.91082 0.0278024 0.655446 0 1
0.190954 0.133488 0.745994 0.826044 0.619892 2.76315 0.272683 0.647938 78.8975 0
0.145451 0.13422 0.17066 0.212775 0.653249 0.68392 0.802179 0.596332 92.3749 0
0.928159 0.187597 0.950743 0.618427 0.499588 4.37208 0.67922 0.893674 0 1
0.61391 0.30726 0.330393 0.454817 0.489761 6.91122 0.0763878 0.729423 0 1
0.513108 0.925443 0.923185 0.151097 0.527879 5.43413 0.576464 0.187292 0 1
0.878597 0.771813 0.075045 0.0636921 0.361064 3.0369 0.598254 0.967803 0 1
0.737754 0.377514 0.352916 0.011597 0.973754 6.94327 0.947478 0.735893 0 1
0.849574 0.203925 0.15772 0.436415 0.107364 2.91696 0.492386 0.0936918 0 1
0.786554 0.39668 0.462813 0.187658 0.904904 5.92853 0.964751 0.178167 0 1
0.141942 0.164434 0.677175 0.932859 0.680288 7.06687 0.885434 0.883602 86.4374 0
0.861568 0.783013 0.633808 0.192572 0.813013 6.70461 0.615284 0.709464 0 1
0.70098 0.223945 0.702902 0.000762963 0.767693 3.91156 0.5309 0.232948 15.8087 0
0.807459 0.408826 0.0301523 0.189886 0.238502 2.12012 0.32548 0.206732 0 1
0.426954 0.0877712 0.900113 0.300913 0.418806 1.03763 0.4344 0.281503 67.2879 0
0.736381 0.34373 0.224281 0.118595 0.395611 4.81063 0.58623 0.353648 0 1
0.800287 0.721091 0.154637 0.831782 0.669179 6.44032 0.478347 0.538011 0 1
0.653157 0.979675 0.821802 0.818171 0.797479 8.44539 0.577868 0.765465 0 1
0.506363 0.473708 0.198157 0.0548112 0.165685 9.7763 0.0472121 0.00546281 0 1
0.0801416 0.155705 0.0864895 0.153233 0.880978 8.97946 0.79516 0.114017 85.4981 0
0.0607318 0.205329 0.232948 0.0194403 0.791589 3.61095 0.652364 0.306009 94.8021 0
0.682333 0.283273 0.565477 0.139103 0.631855 5.90228 0.672353 0.252968 0.390698 1
0.434065 0.410352 0.556993 0.487838 0.29136 4.67147 0.557115 0.805811 9.52052 0
0.892209 0.471084 0.713889 0.0662557 0.209693 3.48979 0.208106 0.342418 0 1
0.677023 0.342936 0.189001 0.060152 0.895932 5.09415 0.401776 0.740287 0 1
0.534898 0.650044 0.520219 0.62566 0.572954 2.05206 0.590594 0.974242 0 1
0.545335 0.142064 0.493423 0.299387 0.947417 3.67565 0.828608 0.338969 43.5952 0
0.453047 0.698325 0.131046 0.0336314 0.103793 9.18485 0.822413 0.296854 0 1
0.124882 0.95645 0.805322 0.856502 0.524369 7.12271 0.106754 0.950499 0 1
0.131932 0.566454 0.476302 0.156957 0.233314 1.0181 0.345561 0.140385 28.5199 0
0.456587 0.0695212 0.0555132 0.595233 0.0666524 1.30222 0.757439 0.167669 26.3851 0
0.324412 0.402112 0.893979 0.637715 0.0664083 3.46873 0.666616 0.141636 25.3858 0
0.161443 0.0245674 0.39555 0.717307 0.000427259 2.49153 0.178686 0.952513 78.7802 0
0.675924 0.675344 0.755303 0.0184027 0.00677511 3.48704 0.981475 0.868954 0 1
0.0655232 0.749626 0.822657 0.887295 0.363262 8.62819 0.270577 0.760979 7.17298 0
0.349376 0.303415 0.0897549 0.86697 0.38197 0.309153 0.800531 0.947386 22.3933 0
0.825007 0.682394 0.804743 0.357646 0.428907 0.559099 0.060152 0.668386 0 1
0.65041 0.775842 0.209967 0.901669 0.0683309 6.70675 0.573687 0.183538 0 1
0.551134 0.895474 0.905423 0.0937529 0.33256 3.29264 0.326334 0.494095 0 1
0.652181 0.279397 0.336833 0.116184 0.116123 0.235603 0.315226 0.690786 0 1
0.435163 0.221107 0.40904 0.898892 0.6957 7.24601 0.225043 0.926572 18.1744 0
0.820368 0.823206 0.224342 0.90463 0.37434 4.48836 0.228919 0.014069 0 1
0.373577 0.376446 0.945677 0.53914 0.251167 9.49736 0.914182 0.648488 32.7428 0
0.638295 0.363567 0.784845 0.186407 0.115818 0.340892 0.333018 0.255013 0 1
0.592761 0.0882595 0.11597 0.868618 0.468093 5.03464 0.178503 0.461623 0 1
0.23188 0.929075 0.713736 0.531419 0.662282 7.20573 0.0851772 0.196783 0 1
0.274331 0.218177 0.116459 0.954161 0.176946 8.00653 0.0548418 0.411939 9.96033 0
0.994568 0.745567 0.114689 0.28489 0.00921659 4.27931 0.00747703 0.429304 0 1
0.179846 0.8876 0.364269 0.200629 0.194525 2.97067 0.456923 0.914487 0 1
0.212378 0.361187 0.124638 0.692465 0.451003 1.79418 0.311563 0.474075 24.6255 0
0.276101 0.602588 0.122196 0.475723 0.949034 6.14643 0.800409 0.878445 7.04883 0
0.688955 0.771355 0.538591 0.0251473 0.205756 2.26814 0.523453 0.909268 0 1
0.359813 0.379101 0.123844 0.235054 0.104801 6.66189 0.627888 0.832209 10.9819 0
0.370495 0.543657 0.434858 0.704428 0.0405286 1.75329 0.108585 0.494613 0 1
0.682852 0.867794 0.198431 0.647114 0.187719 7.80633 0.234016 0.0482192 0 1
0.970763 0.943113 0.79989 0.427015 0.896146 1.08737 0.0969268 0.29664 0 1
0.577166 0.47908 0.895993 0.718253 0.209876 8.27876 0.290292 0.668172 0 1
0.596088 0.0568255 0.153386 0.29017 0.512192 7.14347 0.707907 0.813379 27.4249 0
0.0797449 0.508164 0.112033 0.417707 0.294687 3.43822 0.470229 0.827815 32.8293 0
0.370464 0.91934 0.173254 0.916471 0.0521867 4.0791 0.975311 0.0995209 0 1
0.557756 0.260018 0.713095 0.802728 0.301981 6.55416 0.0742515 0.782037 0 1
0.0603656 0.637288 0.320566 0.578875 0.728477 4.58815 0.372417 0.891507 27.4578 0
0.333293 0.174352 0.161107 0.143315 0.452803 0.0558489 0.654805 0.0298776 49.9576 0
0.699881 0.514664 0.464614 0.325755 0.427168 1.14841 0.437056 0.732261 0 1
0.308664 0.950682 0.13892 0.0473952 0.954619 6.78365 0.641194 0.439589 0 1
0.215674 0.17777 0.50792 0.105899 0.333232 7.27378 0.396374 0.0964385 64.3868 0
0.591205 0.673238 0.174963 0.585833 0.626118 1.23661 0.964751 0.373486 0 1
0.051973 0.700095 0.0111087 0.89349 0.555498 8.76247 0.792077 0.515336 0 1
0.118259 0.936094 0.268441 0.41731 0.522446 0.824915 0.683706 0.813044 0 1
0.795679 0.727439 0.818201 0.812983 0.751518 4.94827 0.105197 0.701865 0 1
0.282357 0.967986 0.514206 0.913511 0.560045 7.11905 0.608264 0.483871 0 1
0.80108 0.602802 0.681204 0.264351 0.7528 9.95087 0.381359 0.675588 0 1
0.556078 0.757469 0.727897 0.283822 0.141545 7.09861 0.925657 0.980743 0 1
0.815241 0.491562 0.885464 0.0479141 0.189581 3.92346 0.855586 0.887722 0 1
0.117038 0.177892 0.0707114 0.700766 0.781152 4.40474 0.824915 0.892514 76.778 0
0.60268 0.506241 0.874477 0.489425 0.116031 4.30586 0.577288 0.34608 0 1
0.472976 0.112339 0.674703 0.424512 0.729179 0.587481 0.122135 0.927274 54.9271 0
0.570513 0.831751 0.874966 0.564959 0.635029 7.07236 0.035432 0.740196 0 1
0.086642 0.578692 0.267525 0.928343 0.597339 6.35792 0.885403 0.0371105 15.3001 0
0.393506 0.850124 0.521867 0.0259713 0.523362 7.98242 0.78341 0.566118 0 1
0.000976592 0.854518 0.797632 0.0232246 0.983734 2.837 0.0596026 0.543504 35.0101 0
0.638905 0.265755 0.483261 0.52443 0.856624 3.83099 0.0639668 0.251656 0 1
0.463942 0.602191 0.0590533 0.983184 0.0976592 2.80557 0.0917386 0.261757 0 1
0.391614 0.230323 0.0855129 0.737541 0.634236 3.69793 0.434492 0.281228 14.9608 0
0.553514 0.993927 0.31663 0.670034 0.38496 1.95502 0.555681 0.626576 0 1
0.879086 0.467727 0.938169 0.492996 0.404431 0.198065 0.391644 0.320872 0 1
0.80282 0.836604 0.930876 0.658528 0.152562 0.136418 0.777245 0.816645 0 1
0.0962859 0.399152 0.558855 0.893857 0.889309 0.731834 0.996643 0.343272 66.032 0
0.825068 0.69689 0.98294 0.361278 0.193884 2.61208 0.459181 0.879879 0 1
0.43086 0.267983 0.998657 0.443556 0.609729 8.73501 0.500107 0.75277 44.2341 0
0.938536 0.0262154 0.899777 0.153844 0.413617 1.30253 0.306314 0.858272 11.5381 0
0.288003 0.264962 0.466567 0.170965 0.510453 4.92691 0.967193 0.510269 61.0988 0
0.791528 0.285867 0.0789819 0.499588 0.452742 6.04083 0.650288 0.912992 0 1
0.715476 0.653066 0.955016 0.755303 0.58507 8.56441 0.902341 0.258431 0 1
0.987518 0.071749 0.513901 0.0748009 0.313669 5.81805 0.0747398 0.449324 0 1
0.0285653 0.892514 0.864528 0.651173 0.500931 8.6877 0.87463 0.446516 10.6463 0
0.709952 0.239662 0.418531 0.893765 0.985046 0.0366222 0.0403455 0.241768 0 1
0.435224 0.76577 0.628803 0.213569 0.224281 5.37278 0.142491 0.455397 0 1
0.347453 0.0300607 0.852596 0.433424 0.0668355 9.75951 0.509598 0.558885 68.8249 0
0.66097 0.50267 0.339854 0.822962 0.645131 0.98117 0.278848 0.722617 0 1
0.118656 0.193274 0.346538 0.758873 0.395428 8.9584 0.571978 0.2884 58.5436 0
0.57384 0.90524 0.372814 0.0100406 0.202368 1.40904 0.796045 0.867306 0 1
0.697348 0.114292 0.526475 0.647877 0.668508 5.76586 0.0690023 0.0621357 0 1
0.809503 0.472732 0.0110172 0.581103 0.508713 7.33757 0.770867 0.815332 0 1
0.837275 0.937986 0.739219 0.716269 0.0699789 3.72509 0.219092 0.381207 0 1
0.396161 0.526719 0.0710471 0.742668 0.975707 5.48387 0.469619 0.9241 0 1
0.997345 0.693838 0.677328 0.54265 0.89526 3.03873 0.242592 0.740654 0 1
0.37965 0.33607 0.527696 0.226661 0.438612 9.84924 0.973052 0.1077 27.846 0
0.966582 0.421216 0.00402844 0.793573 0.175878 1.82012 0.986816 0.754814 0 1
0.448317 0.241859 0.138829 0.41551 0.781732 2.97037 0.801263 0.961943 33.738 0
0.488968 0.294259 0.978332 0.34843 0.304941 7.34275 0.551012 0.282083 25.8025 0
0.558184 0.782434 0.0707114 0.466903 0.563005 7.17032 0.538896 0.889096 0 1
0.888668 0.746849 0.0797449 0.424574 0.661672 7.28965 0.911496 0.550066 0 1
0.557756 0.818445 0.522691 0.439009 0.639332 5.80554 0.460067 0.223243 0 1
0.694876 0.597522 0.633717 0.7022 0.236702 1.00406 0.546342 0.280465 0 1
0.813166 0.657735 0.352275 0.415357 0.791345 4.51857 0.153233 0.355022 0 1
0.266854 0.17478 0.436293 0.449385 0.257027 0.740379 0.0607318 0.814142 55.5557 0
0.833094 0.180486 0.700369 0.629841 0.348521 2.48695 0.146489 0.856746 0 1
0.419019 0.441725 0.379192 0.647145 0.810907 2.91238 0.811792 0.236061 6.55266 1
0.893826 0.964202 0.615833 0.591784 0.814234 3.67382 0.532212 0.607318 0 1
0.0457472 0.121342 0.0748619 0.114322 0.472945 9.34416 0.533494 0.500351 87.4902 0
0.664205 0.408429 0.680898 0.210852 0.490585 8.07642 0.592273 0.917356 0 1
0.746635 0.821284 0.481552 0.632771 0.929136 8.51924 0.961852 0.555345 0 1
0.830683 0.860225 0.635975 0.922208 0.10361 2.978 0.423017 0.654042 0 1
0.451186 0.159001 0.528001 0.0720237 0.601703 6.83248 0.459822 0.468368 46.3721 0
0.722251 0.738792 0.00457778 0.811243 0.428114 4.19691 0.560289 0.366222 0 1
0.0441298 0.886807 0.738884 0.514756 0.27427 9.83825 0.642323 0.551042 0 1
0.935514 0.660573 0.718619 0.738884 0.912717 7.33665 0.604328 0.409436 0 1
0.990265 0.0165716 0.859401 0.381298 0.716758 3.50139 0.00112918 0.484024 0 1
0.959624 0.564348 0.743004 0.466384 0.30488 9.035 0.844783 0.0708029 0 1
0.959319 0.945158 0.480544 0.555071 0.310404 5.44664 0.530137 0.442152 0 1
0.801325 0.836146 0.700949 0.780389 0.275918 8.21619 0.885861 0.694143 0 1
0.451216 0.579028 0.664022 0.507248 0.672842 6.20869 0.350047 0.219428 0 1
0.609943 0.434217 0.498856 0.617908 0.0459304 7.33879 0.271157 0.804834 0 1
0.421003 0.459517 0.567156 0.421949 0.282937 0.483108 0.333598 0.353954 2.38945 1
0.302377 0.0141301 0.951353 0.191443 0.00888089 3.64666 0.108737 0.234931 81.9019 0
0.903714 0.887661 0.0680258 0.321177 0.10593 8.37519 0.730461 0.252968 0 1
0.188147 0.0537126 0.406232 0.113773 0.357585 0.419019 0.696127 0.248146 96.4924 0
0.639485 0.0492264 0.390515 0.189825 0.218421 6.64998 0.79223 0.317911 24.0218 0
0.594256 0.978057 0.369488 0.523118 0.708609 8.22077 0.145268 0.664846 0 1
0.698569 0.139897 0.729026 0.100681 0.433302 9.98321 0.397473 0.069277 7.81811 0
0.490341 0.284433 0.130375 0.208075 0.727378 6.1504 0.00759911 0.986999 8.4304 0
0.106204 0.489975 0.873775 0.339427 0.924802 2.21046 0.676748 0.271767 69.9677 0
0.11362 0.667501 0.386303 0.732688 0.753197 3.09275 0.899014 0.523209 21.8285 0
0.467849 0.689566 0.835627 0.529618 0.85342 7.57836 0.637471 0.0592059 0 1
0.593921 0.144139 0.867885 0.561266 0.424085 8.96786 0.12479 0.513779 16.7411 0
0.59389 0.713614 0.471206 0.757744 0.991089 1.99225 0.789148 0.0595416 0 1
0.57857 0.178503 0.963927 0.18363 0.302042 5.9801 0.304758 0.255593 28.7549 0
0.124851 0.0466628 0.107822 0.69808 0.345988 4.26862 0.76809 0.519913 80.9464 0
0.85757 0.80697 0.346446 0.239937 0.497787 9.8703 0.998169 0.22718 0 1
0.156407 0.808252 0.168462 0.737938 0.787713 7.38395 0.962676 0.431471 0 1
0.988372 0.763237 0.595752 0.645772 0.295907 1.16245 0.328623 0.213752 0 1
0.864254 0.877499 0.796869 0.102359 0.672079 9.72472 0.138157 0.654683 0 1
0.92111 0.603229 0.82522 0.717032 0.779809 6.41835 0.609333 0.432142 0 1
0.129063 0.0182806 0.482376 0.979492 0.466262 6.33717 0.0618305 0.0440382 71.3801 0
0.623463 0.830134 0.306436 0.295083 0.456679 9.48271 0.967895 0.655812 0 1
0.161779 0.0044557 0.685171 0.645131 0.373821 0.178533 0.127873 0.573199 97.3191 0
0.70571 0.0194403 0.0943327 0.8717 0.882626 2.73629 0.971313 0.339854 11.3481 0
0.128269 0.744438 0.461043 0.588122 0.959624 3.36619 0.982452 0.459975 20.1364 0
0.0456862 0.943907 0.651936 0.713919 0.287515 8.34498 0.251106 0.746025 0 1
0.77456 0.406415 0.08652 0.635121 0.774773 8.42708 0.148564 0.291299 0 1
0.4138 0.698477 0.475448 0.989319 0.200049 9.50987 0.128239 0.0677206 0 1
0.0517289 0.543474 0.683828 0.0757469 0.981872 9.54802 0.651418 0.148289 60.8678 0
0.0980255 0.825495 0.719382 0.890744 0.0728477 1.71667 0.238105 0.554979 0 1
0.740928 0.218329 0.845851 0.7875 0.979675 3.82672 0.642903 0.731162 8.19279 0
0.529008 0.439405 0.821314 0.761528 0.907224 3.98724 0.155583 0.639454 0 1
0.0783715 0.128544 0.261269 0.360698 0.0283517 2.52113 0.0270394 0.484237 73.2268 0
0.904813 0.352062 0.12714 0.220344 0.878384 0.127873 0.0199591 0.0594501 0 1
0.380444 0.731498 0.339396 0.223579 0.874447 2.29865 0.0847194 0.721091 0 1
0.816187 0.197516 0.515915 0.286264 0.960326 9.98016 0.160039 0.984954 0 1
0.668477 0.369121 0.835261 0.767327 0.375744 6.48762 0.0988189 0.749321 0 1
0.871487 0.557146 0.0249031 0.503769 0.550981 0.670492 0.719016 0.142521 0 1
0.293954 0.393353 0.474624 0.470931 0.126377 6.32588 0.979186 0.995727 33.8069 0
0.321512 0.0844447 0.474593 0.0676595 0.0969573 7.86157 0.279519 0.940428 64.5575 0
0.563433 0.29075 0.578906 0.026368 0.0818506 2.21137 0.887539 0.13123 16.2946 0
0.684835 0.63036 0.0936003 0.948271 0.718863 6.99973 0.488754 0.593493 0 1
0.363536 0.807733 0.690237 0.463424 0.183935 4.95315 0.862636 0.195929 0 1
0.372387 0.367962 0.143864 0.0161138 0.835963 4.5674 0.683248 0.248268 26.5074 0
0.786004 0.0753807 0.196509 0.274819 0.985839 7.01956 0.445112 0.724021 3.18915 1
0.312845 0.917692 0.545396 0.167333 0.791437 9.33256 0.514023 0.107913 0 1
0.752525 0.734611 0.956236 0.541154 0.276894 3.78918 0.302683 0.868862 0 1
0.577441 0.472121 0.50148 0.448317 0.477279 3.59691 0.571612 0.557237 0 1
0.640065 0.0610981 0.923704 0.0558489 0.707999 4.80087 0.854884 0.527909 59.0874 0
0.00485244 0.921293 0.12363 0.180822 0.95938 4.44868 0.0108951 0.287606 0 1
0.905515 0.0902432 0.773827 0.450392 0.416211 5.00381 0.898282 0.467818 0 1
0.826563 0.977325 0.0565203 0.0870998 0.102298 5.01053 0.176336 0.422193 0 1
0.710868 0.742332 0.527299 0.318979 0.649983 6.00726 0.2313 0.449355 0 1
0.29136 0.299661 0.10303 0.414716 0.194586 5.69048 0.226722 0.640645 18.9345 0
0.548265 0.947203 0.175451 0.343791 0.394116 7.33024 0.279458 0.352458 0 1
0.290872 0.620075 0.849269 0.0616474 0.573565 5.43199 0.760369 0.304331 24.9958 0
0.864864 0.769646 0.305399 0.419874 0.99469 7.65252 0.720145 0.301187 0 1
0.98413 0.867489 0.289468 0.701315 0.250313 2.96304 0.440016 0.581256 0 1
0.687918 0.534165 0.724906 0.780175 0.784112 6.06372 0.107669 0.78869 0 1
0.422803 0.293191 0.451216 0.907407 0.534837 8.04743 0.617878 0.571093 10.7451 0
0.249733 0.950011 0.0873745 0.120518 0.706137 3.3137 0.498398 0.802332 0 1
0.176122 0.595691 0.0201117 0.279061 0.660909 2.73324 0.960631 0.430067 19.6991 0
0.612781 0.236152 0.517075 0.724631 0.940916 3.06223 0.0755028 0.948576 6.49648 1
0.955992 0.0457778 0.965178 0.565905 0.411176 2.60506 0.0743126 0.49617 0 1
0.294504 0.246467 0.233833 0.589099 0.529771 3.12967 0.774316 0.578051 43.84 0
0.241707 0.611499 0.163396 0.79284 0.742088 8.03125 0.129551 0.413892 0 1
0.892483 0.59447 0.178228 0.548479 0.000488296 6.74612 0.906888 0.91052 0 1
0.905301 0.0831629 0.0251473 0.385174 0.408887 5.41612 0.486373 0.259468 0 1
0.709311 0.778497 0.636586 0.400098 0.992157 3.8023 0.787408 0.159825 0 1
0.836329 0.19834 0.118931 0.293619 0.590716 8.44905 0.319193 0.665761 0 1
0.377758 0.306589 0.865871 0.0292978 0.880154 2.09845 0.356883 0.659108 61.4882 0
0.566881 0.76693 0.796472 0.119266 0.515519 9.35423 0.241981 0.947203 0 1
0.485641 0.82168 0.718741 0.534227 0.401166 8.59554 0.808405 0.985443 0 1
0.896756 0.795953 0.817652 0.238655 0.0850246 0.141301 0.933103 0.224952 0 1
0.200781 0.226295 0.268624 0.350963 0.278298 0.664388 0.21189 0.0852077 49.1487 0
0.518174 0.614826 0.975646 0.928678 0.499863 3.8551 0.760338 0.551775 0 1
0.896176 0.807917 0.434614 0.37846 0.845912 7.33634 0.139317 0.398846 0 1
0.641041 0.000183111 0.721732 0.491531 0.884457 5.82568 0.406018 0.0370495 36.8851 0
0.774865 0.363598 0.606525 0.103549 0.674734 0.55208 0.28956 0.985992 0 1
0.617756 0.300974 0.790429 0.379955 0.911985 4.91775 0.491867 0.971892 20.5845 0
0.494888 0.325297 0.269845 0.726005 0.196753 6.41346 0.113407 0.650319 0 1
0.568407 0.563372 0.824519 0.32197 0.429579 4.78164 0.204077 0.953887 0 1
0.794519 0.884732 0.630787 0.283395 0.330393 6.43178 0.438734 0.0647603 0 1
0.00555437 0.655751 0.999939 0.446059 0.0831629 5.103 0.918271 0.012421 46.8724 0
0.116977 0.11829 0.241249 0.776299 0.105319 8.77895 0.0951872 0.896329 58.112 0
0.459395 0.393841 0.650746 0.406049 0.942442 2.85195 0.82458 0.733482 31.296 0
0.235633 0.112217 0.62389 0.2931 0.287545 9.53673 0.539567 0.931211 78.5503 0
0.102695 0.665639 0.894345 0.506149 0.12595 3.53404 0.552477 0.384655 27.3247 0
0.878933 0.087466 0.89697 0.135075 0.0044557 3.94665 0.480422 0.199622 0 1
0.375805 0.556352 0.256264 0.826014 0.42613 2.44057 0.796045 0.0401624 0 1
0.355296 0.524827 0.399518 0.941465 0.369701 7.66167 0.503403 0.101108 0 1
0.611621 0.473464 0.295236 0.345592 0.934172 5.8977 0.938719 0.705924 0 1
0.17835 0.289743 0.316294 0.814325 0.10828 7.99371 0.696066 0.529221 36.313 0
0.660634 0.271798 0.228248 0.0703452 0.66512 2.51564 0.678365 0.444472 1.90518 1
0.691824 0.757561 0.302683 0.443587 0.181524 5.16495 0.272897 0.996704 0 1
0.515885 0.378368 0.555437 0.156041 0.182836 4.44166 0.652364 0.499985 6.8309 1
0.694327 0.938261 0.109836 0.232185 0.412152 3.55876 0.200385 0.760338 0 1
0.938108 0.917478 0.685141 0.0339061 0.225043 8.60683 0.0625324 0.423231 0 1
0.0647603 0.601642 0.209601 0.42085 0.109073 2.96701 0.821955 0.946226 31.0877 0
0.0804468 0.835627 0.558916 0.535447 0.328257 7.97754 0.30015 0.196692 0 1
0.386975 0.402326 0.419477 0.213172 0.692679 9.84375 0.482894 0.67449 17.3153 0
0.113773 0.0267037 0.276559 0.0176397 0.452864 2.80557 0.57091 0.359478 106.214 0
0.574999 0.00463881 0.527726 0.900784 0.319529 8.55098 0.155614 0.184393 12.352 0
0.851466 0.456832 0.721 0.487899 0.60802 1.87841 0.520005 0.132298 0 1
0.497787 0.207678 0.918271 0.988037 0.507706 2.61238 0.064333 0.95941 26.4249 0
0.374432 0.289285 0.183416 0.728904 0.47673 3.76751 0.857051 0.542558 21.1672 0
0.604572 0.0702841 0.195746 0.31724 0.761437 5.96179 0.310312 0.852046 24.505 0
0.65627 0.00976592 0.988189 0.423811 0.0408338 8.08069 0.98114 0.549211 43.1332 0
0.549455 0.0361339 0.810572 0.19364 0.196356 4.19202 0.49675 0.209052 48.862 0
0.188055 0.551134 0.117862 0.281167 0.206061 6.7098 0.605762 0.167943 4.69729 1
0.816828 0.0585955 0.683706 0.510331 0.164464 5.80737 0.35371 0.996307 0.512101 1
0.603534 0.418531 0.838282 0.159856 0.426862 5.08255 0.383923 0.596118 0 1
0.345958 0.725883 0.831965 0.873318 0.879025 3.47148 0.363323 0.923765 0 1
0.303934 0.814447 0.323374 0.19422 0.331553 3.41197 0.533097 0.337565 0 1
0.156316 0.385846 0.992798 0.726402 0.039613 5.25834 0.384594 0.570513 49.7156 0
0.0831019 0.763482 0.280313 0.918943 0.347331 7.9458 0.460128 0.327891 0 1
0.972472 0.271249 0.249306 0.476394 0.457259 5.90258 0.278573 0.509903 0 1
0.752556 0.237617 0.574511 0.394086 0.325144 2.21656 0.386395 0.0593585 0 1
0.848933 0.624531 0.655446 0.618 0.679189 8.04804 0.533189 0.434339 0 1
0.766228 0.281137 0.854579 0.330149 0.1648 8.2931 0.972655 0.705802 0 1
0.795434 0.822932 0.860744 0.858699 0.614002 3.49895 0.888302 0.280343 0 1
0.845759 0.135441 0.177252 0.213019 0.439955 8.0282 0.944212 0.247719 0 1
0.401685 0.503403 0.735435 0.243965 0.15659 4.47066 0.960814 0.353618 13.9548 0
0.605243 0.36433 0.632588 0.428968 0.023072 4.31074 0.71569 0.597247 0 1
0.462569 0.687735 0.995544 0.282144 0.813288 4.83779 0.869472 0.453993 0.557543 1
0.176458 0.97882 0.968749 0.389599 0.71044 2.31391 0.0163274 0.723167 0 1
0.602985 0.907468 0.827692 0.0694296 0.326609 1.38524 0.860073 0.000457778 0 1
0.833766 0.562151 0.217109 0.657002 0.847224 0.747093 0.514695 0.775872 0 1
0.90289 0.328837 0.514298 0.41496 0.300516 5.05814 0.930326 0.156133 0 1
0.619007 0.39491 0.317331 0.0685446 0.9523 3.10404 0.443861 0.21247 0 1
0.522324 0.877987 0.0584429 0.965697 0.82522 2.21198 0.454878 0.953276 0 1
0.966704 0.579913 0.742241 0.862148 0.343486 8.91415 0.226325 0.921659 0 1
0.326487 0.365642 0.808924 0.331584 0.102268 5.86169 0.810389 0.418256 38.1939 0
0.328867 0.167211 0.122745 0.800928 0.762413 4.99069 0.0990936 0.348766 27.1975 0
0.510605 0.612476 0.0851772 0.210364 0.0696127 6.9335 0.000366222 0.696646 0 1
0.800195 0.279183 0.873196 0.298532 0.999481 6.68416 0.738578 0.620777 2.49077 1
0.224921 0.573778 0.802484 0.512741 0.0264595 5.51256 0.280374 0.178076 7.23304 0
0.742851 0.235389 0.815912 0.543992 0.518937 9.1287 0.885617 0.671316 0 1
0.199835 0.464705 0.0966216 0.487259 0.258339 2.0951 0.782922 0.621448 23.4976 0
0.411634 0.677786 0.806543 0.626637 0.0839259 8.49391 0.97058 0.365612 0 1
0.37083 0.885128 0.949309 0.845393 0.66216 8.83755 0.142338 0.279641 0 1
0.578967 0.695456 0.358898 0.661275 0.381359 3.23466 0.738212 0.62566 0 1
0.503433 0.9447 0.812769 0.886502 0.371105 0.805078 0.120121 0.024781 0 1
0.159703 0.949828 0.270028 0.913053 0.646962 5.34165 0.872799 0.554918 0 1
0.818232 0.387799 0.234993 0.622761 0.379742 7.22526 0.22953 0.473159 0 1
0.836451 0.799524 0.245186 0.922544 0.290323 1.5894 0.622974 0.563646 0 1
0.615925 0.71865 0.484756 0.904386 0.16892 2.73385 0.360881 0.11008 0 1
0.684256 0.42555 0.522752 0.630665 0.519822 4.78866 0.426923 0.493606 0 1
0.90228 0.326182 0.176428 0.544328 0.330821 8.62789 0.406415 0.415113 0 1
0.795862 0.956084 0.499405 0.50383 0.967742 5.03464 0.537187 0.743309 0 1
0.0130924 0.609119 0.895138 0.443495 0.193976 4.1139 0.885342 0.986938 62.5584 0
0.906461 0.591601 0.354961 0.658681 0.315104 0.957976 0.645863 0.392804 0 1
0.239418 0.100925 0.82168 0.715751 0.448256 7.55943 0.568743 0.668294 78.4805 0
0.018891 0.72982 0.67748 0.987396 0.916807 0.975066 0.509445 0.328928 26.9552 0
0.452132 0.594867 0.357555 0.812738 0.769799 7.74133 0.104801 0.671163 0 1
0.0286264 0.0907315 0.088168 0.282449 0.426557 4.53627 0.57387 0.370006 94.2261 0
0.727378 0.268929 0.750053 0.649037 0.44615 5.09659 0.643574 0.701651 0 1
0.348674 0.8417 0.866573 0.361797 0.421918 3.37809 0.599536 0.391095 0 1
0.971313 0.810907 0.717063 0.727134 0.00109867 2.97311 0.461989 0.084933 0 1
0.534532 0.722129 0.575213 0.19367 0.0292367 2.77169 0.286325 0.448866 0 1
0.545122 0.543321 0.0721763 0.262368 0.81988 8.87844 0.589068 0.890439 0 1
0.909391 0.168859 0.685049 0.0217597 0.548784 2.77383 0.898556 0.906644 4.76965 1
0.890194 0.548479 0.349803 0.308023 0.773888 5.73046 0.430738 0.0566118 0 1
0.188971 0.440992 0.200049 0.490188 0.0795007 9.47569 0.889981 0.559343 20.7541 0
0.152837 0.793481 0.429945 0.880276 0.846034 3.10678 0.394818 0.51616 0 1
0.106571 0.744865 0.282571 0.768395 0.144292 6.25416 0.528794 0.758568 0 1
0.809626 0.255104 0.163305 0.0830409 0.755394 8.49605 0.51616 0.320811 0 1
0.0380871 0.358989 0.878048 0.676199 0.314859 5.02121 0.522691 0.537584 74.3274 0
0.292001 0.0449843 0.996399 0.233345 0.582476 8.54579 0.0815149 0.766564 90.2079 0
0.627033 0.759301 0.340098 0.808893 0.836665 7.47398 0.643818 0.736229 0 1
0.611682 0.534532 0.596301 0.986023 0.394086 0.314646 0.254616 0.518418 0 1
0.409345 0.743889 0.0556352 0.662069 0.254067 6.3448 0.35371 0.126011 0 1
0.985321 0.479812 0.475875 0.458693 0.868343 2.52174 0.701193 0.735618 0 1
0.438734 0.558153 0.0697653 0.756798 0.0352489 6.65059 0.428419 0.535142 0 1
0.4597 0.146764 0.618702 0.356975 0.919706 6.79556 0.213782 0.196509 40.8991 0
0.911344 0.0197455 0.710715 0.764489 0.197241 6.94449 0.583453 0.973357 0 1
0.536699 0.436048 0.103977 0.0993988 0.323954 8.92453 0.337077 0.423597 0 1
0.790979 0.643605 0.214972 0.631916 0.930845 0.563677 0.0986969 0.757134 0 1
0.798273 0.00808741 0.731742 0.942351 0.343242 0.10773 0.992553 0.808496 19.8597 0
0.433943 0.76693 0.352245 0.70632 0.225654 6.88162 0.443617 0.63451 0 1
0.531419 0.408094 0.647603 0.105014 0.350963 8.20521 0.103671 0.736961 0 1
0.21424 0.674154 0.0503861 0.860256 0.495224 2.55593 0.902005 0.910245 0 1
0.353221 0.191015 0.967956 0.89465 0.456954 8.98526 0.220985 0.71395 44.2172 0
0.14832 0.722007 0.0205084 0.616718 0.201849 2.77963 0.19715 0.570666 0 1
0.835871 0.0465712 0.404798 0.831233 0.132237 7.37785 0.146794 0.48851 0 1
0.520341 0.464431 0.381909 0.274087 0.481643 2.53151 0.116794 0.408795 0 1
0.131596 0.924284 0.890957 0.772729 0.834315 8.7228 0.560472 0.178777 0 1
0.506882 0.777764 0.287088 0.0310984 0.769616 7.82495 0.138218 0.149236 0 1
0.597766 0.158361 0.204901 0.0399487 0.631855 0.0192267 0.643361 0.397168 26.5955 0
0.802271 0.985443 0.546709 0.111911 0.424543 6.95822 0.0529801 0.573351 0 1
0.421766 0.592914 0.595813 0.541673 0.830042 1.17801 0.703696 0.375103 0 1
0.243233 0.983306 0.254707 0.89114 0.354015 1.7655 0.592273 0.643971 0 1
0.246101 0.706656 0.408521 0.899503 0.595202 6.26911 0.801691 0.088229 0 1
0.434278 0.36433 0.41319 0.0185553 0.639546 8.86563 0.0516068 0.630696 12.2062 0
0.793329 0.738151 0.708701 0.572863 0.580126 4.77248 0.374462 0.381298 0 1
0.372326 0.543931 0.557451 0.544664 0.161351 0.912503 0.916013 0.234718 1.17167 1
0.491043 0.810755 0.907559 0.984252 0.548845 2.82846 0.861202 0.093173 0 1
0.0719016 0.88461 0.380993 0.0450453 0.223609 7.846 0.48497 0.713919 0 1
0.0970183 0.0574969 0.387066 0.643849 0.00180059 4.48805 0.327952 0.181921 76.1269 0
0.190222 0.821253 0.360546 0.745872 0.179174 8.1399 0.49736 0.00769066 0 1
0.324076 0.74633 0.124973 0.274911 0.800714 2.96182 0.0927152 0.849757 0 1
0.651936 0.985931 0.381024 0.64861 0.0548723 0.0540178 0.756615 0.8623 0 1
0.465041 0.404767 0.319681 0.938505 0.793603 1.87048 0.350505 0.667928 0 1
0.274361 0.333018 0.360576 0.655171 0.176305 2.88339 0.755516 0.955382 36.3153 0
0.0178533 0.94525 0.0152593 0.158513 0.439863 6.49586 0.798242 0.701956 0 1
0.392376 0.264199 0.875515 0.692801 0.79284 8.20734 0.30137 0.021363 31.1478 0
0.310617 0.789911 0.726524 0.0468459 0.435194 5.02792 0.259743 0.636402 0 1
0.483413 0.75341 0.785302 0.839198 0.70275 1.14109 0.140904 0.976379 0 1
0.126408 0.995697 0.0639058 0.428236 0.33665 9.81933 0.310953 0.900021 0 1
0.792474 0.471725 0.857753 0.447401 0.878109 1.58544 0.585345 0.0430006 0 1
0.32841 0.379223 0.358745 0.9653 0.187597 8.63063 0.90463 0.790704 8.93899 0
0.957213 0.912656 0.39375 0.270852 0.0897855 5.47502 0.135258 0.875637 0 1
0.484909 0.641987 0.287851 0.283517 0.142735 5.88397 0.995453 0.600421 0 1
0.632771 0.516861 0.852504 0.588397 0.532609 6.03076 0.105777 0.685232 0 1
0.494217 0.495193 0.498886 0.0963469 0.0930815 3.91125 0.165166 0.74044 0 1
0.116886 0.797357 0.476241 0.329264 0.450026 5.00809 0.251473 0.36436 0 1
0.209754 0.784814 0.235115 0.330088 0.290963 4.20423 0.247414 0.865963 0 1
0.975005 0.464339 0.915616 0.198096 0.759514 3.94787 0.391308 0.612323 0 1
0.065096 0.616596 0.960631 0.248939 0.975097 8.66543 0.952818 0.00146489 59.4492 0
0.664937 0.55031 0.854274 0.79989 0.677267 5.42619 0.033723 0.0599689 0 1
0.698752 0.481033 0.985076 0.579943 0.995453 0.856655 0.493881 0.665578 0 1
0.162206 0.535081 0.634236 0.765038 0.343272 4.30403 0.00167852 0.394848 13.5854 0
0.579394 0.37843 0.0889309 0.638112 0.438337 7.25089 0.21015 0.995972 0 1
0.584918 0.470656 0.880642 0.874355 0.446486 8.97824 0.0574969 0.48616 0 1
0.630787 0.943815 0.14832 0.451277 0.251503 8.48048 0.193091 0.874538 0 1
0.81869 0.106326 0.126804 0.183966 0.849574 2.62947 0.528031 0.509659 0 1
0.856716 0.571978 0.760063 0.885189 0.868892 0.588092 0.9111 0.0522477 0 1
0.141697 0.0136418 0.439344 0.150487 0.214057 4.47493 0.929502 0.0728477 103.092 0
0.966094 0.542497 0.866695 0.768517 0.83581 6.27735 0.834559 0.274331 0 1
0.849879 0.711509 0.0430006 0.755913 0.625294 1.01596 0.592608 0.339793 0 1
0.997864 0.144688 0.381451 0.0177618 0.433882 6.16047 0.0607318 0.405011 0 1
0.881527 0.790948 0.945738 0.632557 0.217475 7.29026 0.287576 0.156194 0 1
0.946104 0.802728 0.813288 0.762413 0.306162 0.0109867 0.939024 0.552721 0 1
0.44261 0.0402844 0.563707 0.188177 0.798669 8.11884 0.849025 0.174505 66.8329 0
0.384899 0.200415 0.891842 0.46971 0.0818812 8.01294 0.695517 0.195013 43.2496 0
0.631703 0.570269 0.346263 0.730918 0.4756 9.35972 0.801019 0.978698 0 1
0.0935087 0.406384 0.19245 0.0698874 0.00170904 2.00873 0.0584429 0.303659 38.3835 0
0.0648824 0.938688 0.401044 0.594256 0.279031 9.15494 0.982086 0.209418 0 1
0.681234 0.999115 0.761223 0.0810572 0.542619 6.75314 0.882992 0.469466 0 1
0.5009 0.275735 0.118778 0.262154 0.788446 9.18241 0.170171 0.688986 3.13587 1
0.212317 0.191656 0.73983 0.734214 0.0428175 1.1594 0.776177 0.0274056 63.5784 0
0.465987 0.408826 0.798517 0.493942 0.757134 5.90411 0.707816 0.546312 20.0539 0
0.831355 0.95703 0.990753 0.0982086 0.327036 9.55199 0.722068 0.181677 0 1
0.879025 0.987671 0.272317 0.449263 0.737266 1.8186 0.126804 0.34199 0 1
0.387738 0.152837 0.722159 0.20481 0.331126 2.91452 0.706656 0.130497 59.7519 0
0.676412 0.60918 0.530656 0.813257 0.704855 6.70888 0.773583 0.193213 0 1
0.0610981 0.646657 0.112918 0.173711 0.727378 0.141911 0.342845 0.191321 25.3798 0
0.437178 0.942656 0.347118 0.921354 0.684683 8.89279 0.433851 0.898923 0 1
0.986175 0.440657 0.937651 0.337413 0.549425 9.28892 0.495621 0.925657 0 1
0.00790429 0.854488 0.9035 0.884457 0.375408 6.47359 0.957915 0.0644856 11.3264 0
0.877621 0.796838 0.191504 0.366405 0.817164 8.81924 0.906766 0.264229 0 1
0.127781 0.533464 0.414747 0.713828 0.774468 8.59035 0.885464 0.227149 28.727 0
0.655324 0.36195 0.715567 0.393963 0.16184 8.8583 0.820124 0.631855 0 1
0.0535295 0.615619 0.754112 0.446089 0.803186 6.66585 0.0706198 0.980682 44.2147 0
0.0691855 0.292489 0.821436 0.141362 0.451094 2.44087 0.606403 0.072512 91.4827 0
0.184484 0.309214 0.0779443 0.268319 0.931669 5.65966 0.307047 0.100436 43.705 0
0.324198 0.379833 0.916562 0.0426954 0.4138 6.76229 0.388348 0.37434 44.0622 0
0.687551 0.519822 0.450911 0.642933 0.803888 5.31571 0.952818 0.668538 0 1
0.705405 0.174963 0.12891 0.369976 0.265175 4.42763 0.665639 0.194555 0 1
0.122166 0.975249 0.470809 0.432752 0.862575 1.4124 0.555376 0.198675 0 1
0.202948 0.113712 0.932432 0.358074 0.331828 4.7026 0.939879 0.184606 96.9509 0
0.0654317 0.350536 0.893612 0.0259713 0.974395 7.01468 0.47676 0.761193 99.7346 0
0.137089 0.641713 0.771477 0.329783 0.676656 4.76272 0.339579 0.114994 27.0989 0
0.736991 0.393078 0.258553 0.461257 0.0547197 3.72173 0.518357 0.108036 0 1
0.783105 0.339244 0.6863 0.820795 0.723869 0.943327 0.245369 0.000396741 0 1
0.624042 0.0474258 0.513077 0.552568 0.692923 2.91818 0.546068 0.797906 35.9871 0
0.996338 0.0464492 0.937773 0.704672 0.883999 9.99115 0.914701 0.224677 0 1
0.106326 0.580554 0.637776 0.0142521 0.776971 7.02383 0.115146 0.320994 40.0896 0
0.837275 0.988311 0.632496 0.31782 0.178961 0.310984 0.106906 0.665761 0 1
0.0812708 0.706534 0.271462 0.586169 0.118839 0.743431 0.0954924 0.224219 0 1
0.196448 0.899319 0.347758 0.584643 0.86697 3.22062 0.708487 0.820734 0 1
0.588824 0.711783 0.336192 0.158391 0.0793176 2.31697 0.296243 0.236183 0 1
0.419477 0.148961 0.756645 0.142369 0.0674764 4.19538 0.357707 0.930876 55.6211 0
0.436476 0.579943 0.662221 0.896573 0.192907 4.77004 0.0911283 0.39201 0 1
0.932035 0.866482 0.252754 0.46614 0.386486 4.12183 0.0699179 0.10651 0 1
0.824396 0.117008 0.612903 0.366588 0.793085 7.16269 0.0433058 0.158544 0 1
0.864925 0.0656758 0.575549 0.993927 0.541093 0.547197 0.862331 0.452223 0 1
0.970183 0.0761437 0.709952 0.65981 0.637013 5.84033 0.530351 0.559282 0 1
0.678915 0.77044 0.435133 0.251656 0.984863 8.92819 0.37907 0.191656 0 1
0.734123 0.282876 0.258156 0.51793 0.530778 5.68377 0.369274 0.299295 0 1
0.790002 0.139103 0.137333 0.978179 0.532609 3.88134 0.516404 0.792627 0 1
0.244057 0.75988 0.970611 0.458144 0.954314 1.35899 0.441603 0.890347 20.7453 0
0.194159 0.589984 0.208686 0.250099 0.985534 0.433973 0.0473647 0.0920133 13.347 0
0.520463 0.852168 0.593493 0.897885 0.68627 8.56716 0.318308 0.775811 0 1
0.0924711 0.926084 0.021363 0.607074 0.756157 5.27421 0.247017 0.421003 0 1
0.10123 0.352031 0.531297 0.280099 0.429212 5.29374 0.884823 0.455763 71.426 0
0.516129 0.460128 0.418317 0.176519 0.493271 7.9986 0.517411 0.729759 0 1
0.667013 0.623981 0.471694 0.198065 0.434523 3.0604 0.965911 0.611835 0 1
0.951323 0.139683 0.338206 0.798853 0.707083 2.36457 0.012421 0.712638 0 1
0.665944 0.72982 0.0104678 0.520463 0.127415 8.17377 0.950957 0.232337 0 1
0.964385 0.67214 0.440321 0.152257 0.394024 7.54112 0.263039 0.933195 0 1
0.938719 0.553606 0.276772 0.516373 0.731925 2.97525 0.418714 0.737236 0 1
0.826685 0.649434 0.729698 0.877956 0.662008 9.35514 0.802118 0.949034 0 1
0.343638 0.926725 0.557817 0.980285 0.895871 7.09159 0.762413 0.103122 0 1
0.139714 0.673482 0.182104 0.704947 0.355083 1.54454 0.789453 0.436934 2.62871 1
0.381664 0.752678 0.92407 0.356975 0.315928 8.68496 0.814692 0.98825 0 1
0.460036 0.48085 0.368969 0.575121 0.678793 7.00888 0.63683 0.317881 0 1
0.821192 0.132359 0.854183 0.866787 0.362682 5.70238 0.472701 0.857448 0 1
0.924284 0.0679342 0.0824 0.768365 0.824915 9.05545 0.632984 0.881924 0 1
0.323283 0.488937 0.860042 0.630299 0.705435 7.12577 0.323008 0.107242 13.7706 0
0.874111 0.815912 0.960326 0.0272835 0.596545 2.65297 0.56859 0.913236 0 1
0.0665304 0.69277 0.111728 0.793542 0.937346 4.22285 0.26664 0.190832 0.591876 1
0.481338 0.615589 0.111209 0.682608 0.0331736 5.68041 0.361248 0.81521 0 1
0.372204 0.186499 0.0625019 0.652913 0.200415 1.79571 0.144108 0.743004 19.474 0
0.372814 0.992676 0.739402 0.777734 0.0356151 0.176702 0.680624 0.735282 0 1
0.32899 0.11005 0.0738853 0.780267 0.81048 9.43297 0.360363 0.70513 37.9315 0
0.255501 0.232551 0.769768 0.194006 0.990997 3.59081 0.573168 0.690176 85.2181 0
0.418287 0.425672 0.0405286 0.147771 0.882199 2.75674 0.50972 0.450331 7.97714 0
0.541429 0.505539 0.473006 0.775811 0.397687 0.0314341 0.087405 0.690573 0 1
0.139042 0.0427564 0.0153203 0.253029 0.95407 4.67513 0.00106815 0.908383 88.6691 0
0.972625 0.991485 0.0904569 0.455214 0.490493 1.51891 0.898831 0.866451 0 1
0.63274 0.943083 0.834376 0.244026 0.61333 6.63167 0.68276 0.690512 0 1
0.246315 0.00512711 0.459243 0.3773 0.865535 9.23215 0.934782 0.591815 96.9193 0
0.308481 0.305521 0.741935 0.0441298 0.121189 9.85412 0.467452 0.21482 40.3079 0
0.63976 0.121036 0.637104 0.0250252 0.105197 4.76058 0.999634 0.609912 34.8652 0
0.46794 0.631458 0.0155339 0.477096 0.0375988 6.60634 0.957396 0.830958 0 1
0.635243 0.29841 0.527482 0.344188 0.403272 1.35411 0.39967 0.158025 0 1
0.930326 0.86935 0.590869 0.392071 0.84637 1.43712 0.0691855 0.945128 0 1
0.545213 0.00625629 0.504593 0.868526 0.189856 5.17319 0.568194 0.0926542 24.3533 0
0.657491 0.539933 0.68685 0.788598 0.580096 2.42988 0.659047 0.145299 0 1
0.13715 0.34843 0.0383007 0.84463 0.75634 6.53768 0.690359 0.0144353 31.0965 0
0.378796 0.861354 0.430555 0.941618 0.445235 2.45399 0.147465 0.326029 0 1
0.258614 0.188421 0.319193 0.357036 0.880459 1.17771 0.328379 0.393109 63.6083 0
0.216285 0.873836 0.482315 0.526414 0.447066 0.412915 0.144475 0.813532 0 1
0.462233 0.274606 0.883572 0.453108 0.451247 1.48381 0.0463271 0.692557 31.6724 0
0.309488 0.564989 0.660634 0.743767 0.0146794 2.49702 0.0745262 0.490585 0 1
0.630757 0.365032 0.23838 0.268166 0.0941801 7.75689 0.0353099 0.495804 0 1
0.440504 0.99472 0.567217 0.444716 0.626087 3.42967 0.801569 0.921781 0 1
0.601978 0.35258 0.486343 0.150365 0.795953 9.45738 0.738365 0.630085 3.98047 1
0.659108 0.420026 0.211982 0.255806 0.432966 7.72088 0.253945 0.478133 0 1
0.793756 0.389843 0.950865 0.785791 0.529588 6.45589 0.475417 0.291665 0 1
0.907529 0.420362 0.638112 0.70394 0.885952 0.91525 0.0495315 0.462508 0 1
0.829035 0.0142216 0.800989 0.323313 0.879513 0.283822 0.0684225 0.171056 17.813 0
0.64568 0.0223395 0.546861 0.341319 0.359447 0.842921 0.120548 0.23423 24.747 0
0.160863 0.272866 0.676565 0.499893 0.666372 5.38285 0.466292 0.577837 71.0516 0
0.475997 0.824946 0.922758 0.870693 0.776696 8.86898 0.338786 0.334361 0 1
0.697409 0.847682 0.313089 0.765221 0.572253 0.35371 0.369823 0.565722 0 1
0.768517 0.12421 0.658559 0.270058 0.234779 1.14292 0.140416 0.610645 2.26811 1
0.426771 0.180334 0.166753 0.406903 0.765526 9.20835 0.856807 0.0575884 28.3155 0
0.285775 0.038667 0.180181 0.917905 0.629658 9.85107 0.151067 0.342357 41.6635 0
0.0422376 0.597339 0.039491 0.675527 0.525864 2.61788 0.00698874 0.97055 16.0232 0
0.808069 0.634022 0.0718101 0.718009 0.280953 4.46333 0.810846 0.365459 0 1
0.567248 0.434828 0.70394 0.909421 0.86932 9.16471 0.527085 0.340648 0 1
0.75808 0.0481887 0.700735 0.224647 0.557329 2.98563 0.999298 0.197577 30.3213 0
0.980102 0.163793 0.528336 0.659902 0.173162 6.59078 0.375713 0.448286 0 1
0.826167 0.616474 0.842524 0.767479 0.501114 3.20872 0.66039 0.162969 0 1
0.839351 0.51503 0.101749 0.816187 0.801172 3.04788 0.388531 0.942869 0 1
0.595202 0.996307 0.305857 0.576434 0.453536 3.95856 0.427595 0.517533 0 1
0.908597 0.603992 0.858943 0.730369 0.728294 8.34895 0.903043 0.967956 0 1
0.165746 0.292489 0.557787 0.90698 0.679678 6.34663 0.248848 0.573778 48.6028 0
0.781457 0.0559709 0.705252 0.342387 0.165838 5.21561 0.38374 0.286264 3.51277 1
0.780877 0.182073 0.348399 0.164861 0.993377 5.01846 0.011475 0.825861 0 1
0.506699 0.131016 0.641865 0.305094 0.18656 0.531022 0.0470901 0.404736 32.2933 0
0.451186 0.0393384 0.33607 0.0312815 0.382305 9.40641 0.167333 0.0746178 39.2016 0
0.213111 0.848933 0.390576 0.109287 0.349376 6.58834 0.486587 0.699332 0 1
0.579943 0.0608234 0.712363 0.587817 0.633045 4.97635 0.357646 0.552507 36.6291 0
0.734642 0.114261 0.0189825 0.208594 0.324625 2.33955 0.297525 0.540208 0 1
0.587939 0.390423 0.827052 0.44145 0.955962 4.48073 0.0381481 0.0485855 0 1
0.235176 0.841426 0.565264 0.144505 0.518967 4.64888 0.702231 0.416639 0 1
0.53853 0.244179 0.813044 0.849483 0.610187 9.20591 0.103977 0.0336314 0 1
0.833857 0.0794092 0.663411 0.671529 0.700339 9.53887 0.174993 0.0620441 0 1
0.762749 0.035432 0.211554 0.844722 0.528764 0.224006 0.514847 0.784997 0 1
0.229713 0.13715 0.168004 0.881924 0.623066 3.44249 0.0670186 0.579028 46.0816 0
0.484085 0.499893 0.596942 0.36024 0.943571 9.64293 0.919736 0.511704 4.23746 1
0.327036 0.708304 0.779473 0.330912 0.652791 4.45448 0.231513 0.564287 0 1
0.443678 0.820368 0.201788 0.354595 0.0101627 1.854 0.282205 0.479385 0 1
0.860073 0.996216 0.668783 0.161565 0.391461 3.57768 0.64861 0.23365 0 1
0.525224 0.752068 0.541887 0.936735 0.43318 4.78561 0.505264 0.13535 0 1
0.0181585 0.839076 0.102725 0.229896 0.302347 5.97644 0.0503555 0.547136 0 1
0.379986 0.747368 0.0412 0.490921 0.0908841 1.15024 0.0563372 0.233558 0 1
0.0708029 0.834803 0.0687887 0.229774 0.335124 2.22419 0.545854 0.333872 0 1
0.0518204 0.0809656 0.656911 0.801874 0.660421 9.69573 0.592334 0.959593 104.594 0
0.992462 0.466109 0.900113 0.818018 0.550676 9.55596 0.24604 0.417127 0 1
0.602191 0.974883 0.504379 0.179662 0.242775 6.45497 0.584582 0.0556047 0 1
0.0877407 0.22544 0.90054 0.739189 0.746269 3.11533 0.888882 0.739341 103.015 0
0.735069 0.723289 0.482253 0.584796 0.987793 5.99628 0.943876 0.945524 0 1
0.616352 0.740074 0.969634 0.950926 0.0805383 7.20756 0.464278 0.486984 0 1
0.42204 0.817652 0.897305 0.753136 0.719047 2.67312 0.645436 0.859798 0 1
0.417982 0.896939 0.227699 0.748589 0.698416 6.54653 0.839076 0.215827 0 1
0.527299 0.0717185 0.0894803 0.320933 0.559069 1.87353 0.354015 0.960631 34.6781 0
0.537523 0.967803 0.640675 0.890591 0.35612 7.50755 0.382061 0.975738 0 1
0.432569 0.746574 0.0570391 0.949858 0.554125 1.27171 0.0487381 0.466689 0 1
0.849879 0.734214 0.645283 0.723106 0.0462661 9.37559 0.589068 0.435591 0 1
0.662191 0.675436 0.0813623 0.451918 0.299326 2.07617 0.648244 0.778527 0 1
0.684957 0.612445 0.773858 0.305246 0.622791 5.59526 0.707724 0.00854518 0 1
0.508042 0.388867 0.352062 0.914579 0.563646 0.28077 0.635578 0.603137 0 1
0.452925 0.778588 0.279489 0.534043 0.425855 5.02243 0.362712 0.976897 0 1
0.654653 0.239692 0.591968 0.825648 0.914884 7.91498 0.683279 0.0791955 0 1
0.268868 0.293405 0.760979 0.269356 0.907102 3.1724 0.180639 0.616993 64.2926 0
0.80401 0.528001 0.682028 0.198309 0.344584 4.29273 0.278237 0.902158 0 1
0.578021 0.227546 0.787805 0.458998 0.254372 3.47056 0.415143 0.324381 14.3735 0
0.30076 0.626118 0.286508 0.696249 0.893246 7.26341 0.346965 0.448866 0 1
0.780694 0.78634 0.525163 0.263619 0.0169378 8.50337 0.571703 0.738762 0 1
0.757164 0.10361 0.477828 0.758415 0.275063 4.46181 0.880337 0.903012 1.57045 1
0.857265 0.434889 0.358928 0.181799 0.730338 1.2656 0.0327464 0.868954 0 1
0.677969 0.852474 0.361583 0.724174 0.50322 4.55763 0.558611 0.379864 0 1
0.993164 0.023072 0.520737 0.175024 0.541459 6.41408 0.682821 0.217872 0 1
0.0855434 0.211737 0.701621 0.958342 0.514573 8.50612 0.376598 0.0513321 64.5459 0
0.203925 0.910611 0.712882 0.792596 0.833491 1.51463 0.533189 0.907682 0 1
0.144902 0.0928678 0.544939 0.976043 0.794885 0.796228 0.268563 0.270943 80.7506 0
0.960204 0.0917997 0.733329 0.296762 0.850948 8.29432 0.34724 0.80459 0 1
0.788507 0.104495 0.846828 0.567858 0.00372326 0.704367 0.733177 0.698904 9.27299 0
0.812616 0.320902 0.100803 0.787652 0.324747 3.88897 0.265267 0.643971 0 1
0.341441 0.677633 0.0956145 0.924772 0.599506 3.54045 0.458541 0.427015 0 1
0.0169683 0.236854 0.679769 0.328288 0.0970489 2.09571 0.429518 0.155339 88.2456 0
0.146428 0.190374 0.938078 0.763054 0.464461 1.89978 0.947325 0.103763 89.8854 0
0.159154 0.488357 0.305246 0.0695822 0.746422 4.62111 0.60918 0.187414 41.2805 0
0.188726 0.0932951 0.803949 0.449446 0.529679 6.91366 0.141484 0.0592669 79.8477 0
0.780053 0.858913 0.408124 0.375317 0.212653 2.33222 0.825404 0.832972 0 1
0.721213 0.0340587 0.531297 0.126133 0.399976 9.49705 0.0475784 0.43028 8.86743 0
0.000640889 0.391705 0.639882 0.947233 0.421979 6.50624 0.976257 0.553911 68.7113 0
0.889218 0.982727 0.991394 0.835566 0.979156 1.60131 0.361583 0.285134 0 1
0.147038 0.514817 0.497757 0.949858 0.911863 0.0802637 0.461837 0.306375 31.4703 0
0.355754 0.356517 0.713645 0.64568 0.0946684 7.463 0.0938749 0.748924 13.108 0
0.375408 0.16596 0.949705 0.135655 0.45613 8.90255 0.809137 0.665578 72.7951 0
0.926481 0.144963 0.510758 0.774743 0.12299 4.85275 0.194311 0.128269 0 1
0.296945 0.917753 0.0592669 0.970061 0.689993 2.97983 0.297128 0.950865 0 1
0.174413 0.0348827 0.103519 0.716422 0.614246 6.3274 0.17719 0.0365307 60.8513 0
0.603015 0.10239 0.610889 0.756279 0.734886 7.73034 0.581713 0.350749 20.3727 0
0.0653706 0.535356 0.746086 0.364818 0.917508 0.47853 0.7463 0.518662 70.8427 0
0.689962 0.937071 0.73455 0.76043 0.823695 5.23179 0.32075 0.0478835 0 1
0.58269 0.102695 0.850642 0.139409 0.805597 3.18308 0.419843 0.176183 48.7128 0
0.28428 0.648518 0.530961 0.336558 0.925504 5.47258 0.799097 0.344066 11.6676 0
0.352153 0.265481 0.612659 0.110019 0.100223 8.85281 0.155492 0.292398 29.367 0
0.0675069 0.598376 0.696615 0.0516373 0.3708 7.60094 0.553484 0.785241 49.7896 0
0.267312 0.749596 0.635823 0.121921 0.296884 1.68432 0.975433 0.957213 13.7018 0
0.301309 0.408032 0.148625 0.81045 0.476424 1.17466 0.997681 0.286416 15.2744 0
0.114139 0.603137 0.556993 0.920774 0.189947 6.91061 0.591144 0.192022 7.15925 0
0.452345 0.0835902 0.649861 0.980712 0.170446 7.41325 0.0472732 0.256844 19.1374 0
0.196295 0.321512 0.671285 0.277505 0.497604 2.04871 0.0287179 0.075045 52.1953 0
0.817438 0.140996 0.433851 0.517991 0.617389 0.444349 0.745048 0.724876 0 1
0.960021 0.972411 0.556902 0.11359 0.48677 8.15149 0.253639 0.866146 0 1
0.148381 0.730888 0.829859 0.090762 0.843013 8.558 0.885464 0.462996 34.3862 0
0.618976 0.320658 0.7004 0.625904 0.598346 1.05594 0.795831 0.131626 2.93173 1
0.2772 0.763695 0.887844 0.205481 0.359416 5.45244 0.640126 0.112857 0 1
0.779626 0.953581 0.121403 0.411512 0.0719321 2.63558 0.374645 0.869716 0 1
0.740867 0.0345775 0.00344859 0.33137 0.790094 1.48717 0.18247 0.31019 0.0637837 1
0.0657979 0.40553 0.997864 0.593127 0.571062 2.0481 0.524033 0.634999 80.0404 0
0.406476 0.348582 0.543107 0.0255745 0.494736 4.93149 0.312998 0.809961 31.488 0
0.744133 0.283273 0.29078 0.943632 0.808039 6.98721 0.21717 0.6639 0 1
0.0962249 0.645375 0.468795 0.0581683 0.194494 3.21512 0.0840785 0.611164 23.0735 0
0.348582 0.390759 0.369518 0.0114444 0.16892 4.93057 0.491897 0.99942 28.0179 0
0.212348 0.124424 0.963317 0.537095 0.59682 4.17707 0.425092 0.0820338 85.7512 0
0.305918 0.854305 0.636586 0.245338 0.338816 4.39192 0.0753502 0.616138 0 1
0.362163 0.370067 0.0551469 0.0331431 0.0203864 7.31803 0.767327 0.0849025 5.70598 1
0.56032 0.247353 0.152593 0.119449 0.92642 6.16993 0.00924711 0.545427 4.73711 1
0.983123 0.476302 0.243477 0.70513 0.0203864 5.04715 0.668996 0.10123 0 1
0.198645 0.71572 0.261544 0.258309 0.0893582 4.59822 0.274667 0.000122074 0 1
0.96765 0.17188 0.123142 0.424543 0.0131535 3.93506 0.440382 0.35667 0 1
0.0752892 0.102451 0.215491 0.561876 0.159093 8.79635 0.417158 0.499863 72.4515 0
0.288339 0.945402 0.00979644 0.900998 0.901486 5.9621 0.768609 0.945921 0 1
0.437208 0.0728477 0.799768 0.330424 0.265969 3.91766 0.171758 0.995819 61.1797 0
0.622883 0.170141 0.564653 0.806787 0.699362 9.76836 0.342814 0.957945 5.8038 1
0.548997 0.239509 0.957854 0.389721 0.964019 2.40181 0.0879238 0.995819 40.7886 0
0.978942 0.229225 0.419752 0.90228 0.157262 1.90435 0.479049 0.600696 0 1
0.317728 0.287301 0.416456 0.215827 0.856197 5.22324 0.154576 0.689322 44.547 0
0.319285 0.640522 0.802759 0.160558 0.386883 8.08161 0.745354 0.326426 7.71429 0
0.91821 0.0982696 0.310526 0.0603046 0.219245 3.14127 0.425123 0.072512 0 1
0.186865 0.181585 0.162053 0.892819 0.486282 4.42 0.586688 0.95645 56.0711 0
0.417646 0.876858 0.808222 0.0749535 0.628803 7.95129 0.642384 0.0731223 0 1
0.32963 0.014832 0.791772 0.872921 0.16483 8.70144 0.950011 0.806207 74.1125 0
0.400922 0.274636 0.735801 0.437147 0.584246 3.73241 0.863582 0.675588 49.6817 0
0.325571 0.812464 0.456709 0.462722 0.368236 1.61657 0.909177 0.810297 0 1
0.595538 0.51561 0.202765 0.474441 0.133854 8.10022 0.0855129 0.0458998 0 1
0.207831 0.881344 0.017304 0.736991 0.903562 8.01721 0.290017 0.64745 0 1
0.496475 0.520859 0.226936 0.790002 0.49971 3.45439 0.86935 0.656819 0 1
0.0895718 0.288125 0.0548723 0.608325 0.0641194 8.16492 0.295328 0.865566 40.775 0
0.991363 0.033845 0.359203 0.387188 0.702689 8.23115 0.965728 0.41258 0 1
0.789087 0.984313 0.496261 0.952269 0.254677 8.98099 0.129887 0.00665304 0 1
0.985321 0.745323 0.308725 0.794885 0.187536 8.14997 0.939726 0.774224 0 1
0.454695 0.931089 0.239051 0.7322 0.61623 5.2971 0.625355 0.731925 0 1
0.0261544 0.418195 0.567797 0.192328 0.447829 7.46727 0.795923 0.884365 78.0769 0
0.189856 0.224403 0.776666 0.124454 0.651082 1.10569 0.865383 0.946654 102.649 0
0.929258 0.0127262 0.0369579 0.534104 0.650929 0.223395 0.60329 0.69219 0 1
0.67806 0.220069 0.823023 0.643208 0.847957 0.809351 0.810572 0.92526 26.1736 0
0.402448 0.811426 0.650044 0.675283 0.263039 1.4948 0.120304 0.0786157 0 1
0.807886 0.658559 0.937864 0.265542 0.306833 0.469375 0.92349 0.436323 0 1
0.671285 0.544053 0.998932 0.49617 0.674276 8.64284 0.419843 0.981201 0 1
0.297952 0.790155 0.151646 0.556413 0.364086 9.05942 0.793634 0.867611 0 1
0.103763 0.51265 0.958769 0.0276498 0.82342 2.56294 0.514328 0.519089 75.9274 0
0.322062 0.499863 0.590472 0.793725 0.217322 9.71099 0.762474 0.350963 0 1
0.835658 0.716514 0.312906 0.575884 0.823267 8.93735 0.980499 0.118076 0 1
0.133976 0.432539 0.101199 0.0931425 0.550584 0.967132 0.548418 0.887417 52.4972 0
0.395093 0.977172 0.377941 0.847438 0.585253 9.4821 0.584643 0.63567 0 1
0.692648 0.11771 0.87637 0.533433 0.159154 8.03125 0.871822 0.472091 16.6493 0
0.327921 0.0634785 0.62862 0.074221 0.444807 3.19895 0.907529 0.485916 89.3193 0
0.286966 0.0947295 0.079165 0.281045 0.574725 4.01624 0.0800195 0.219245 49.8515 0
0.822535 0.816584 0.322916 0.138676 0.786096 7.62535 0.969268 0.76458 0 1
0.161046 0.0377209 0.468581 0.715445 0.690207 1.1948 0.772301 0.487411 98.8043 0
0.334849 0.274728 0.126988 0.698508 0.667104 0.0830103 0.854488 0.374004 33.1655 0
0.138981 0.880581 0.0242317 0.553911 0.38493 2.25135 0.424879 0.00402844 0 1
0.213446 0.798669 0.740196 0.311838 0.444685 8.92972 0.33726 0.148198 0 1
0.250008 0.941832 0.57152 0.976684 0.149541 1.52867 0.0159001 0.990936 0 1
0.324442 0.196173 0.520127 0.562212 0.399548 4.80697 0.50618 0.977905 52.4943 0
0.353374 0.0499588 0.406415 0.751823 0.71102 6.28132 0.650563 0.288858 56.8992 0
0.676534 0.84753 0.107547 0.183538 0.361156 1.89276 0.389203 0.935301 0 1
0.763482 0.668142 0.920743 0.360363 0.657582 7.92199 0.185888 0.482864 0 1
0.0459304 0.830042 0.0514847 0.185156 0.332835 9.15036 0.578722 0.399365 0 1
0.874722 0.0192267 0.226905 0.121128 0.0639058 3.27555 0.855983 0.0270699 0 1
0.601611 0.0434278 0.434065 0.976745 0.116764 1.57628 0.856716 0.18067 15.7016 0
0.786645 0.210974 0.783105 0.315928 0.115909 5.82598 0.896756 0.369762 0 1
0.529923 0.334696 0.495682 0.493362 0.938902 1.45482 0.819422 0.646504 21.9771 0
0.928861 0.360881 0.0181585 0.314432 0.735862 6.96768 0.171209 0.078341 0 1
0.659902 0.623066 0.259957 0.320536 0.0740379 9.60387 0.502701 0.845668 0 1
0.685995 0.721091 0.956725 0.699149 0.207373 7.25486 0.794244 0.964354 0 1
0.0881375 0.0249336 0.158666 0.819117 0.470901 6.62648 0.00677511 0.633625 74.7447 0
0.0227973 0.803644 0.843959 0.390545 0.800378 7.65282 0.757714 0.208472 30.4735 0
0.803797 0.979156 0.656819 0.250313 0.376843 4.16089 0.121403 0.797571 0 1
0.109165 0.505295 0.770898 0.771966 0.3961 0.785546 0.555376 0.485611 45.7221 0
0.313578 0.371654 0.87759 0.900876 0.963256 6.13147 0.950713 0.181249 42.2465 0
0.944975 0.232521 0.299173 0.8146 0.112156 2.18848 0.808039 0.0896329 0 1
0.266854 0.660787 0.227363 0.20777 0.950194 9.99664 0.538285 0.810144 1.02002 1
0.985199 0.0267037 0.0862453 0.202521 0.927488 1.55705 0.888394 0.0587786 0 1
0.0805078 0.00204474 0.0207831 0.88348 0.231635 8.00012 0.492203 0.0162053 67.7269 0
0.764916 0.688864 0.510117 0.457839 0.30723 3.99609 0.546098 0.300211 0 1
0.564043 0.373302 0.105686 0.0407727 0.500351 8.42128 0.609973 0.56328 0 1
0.524247 0.904782 0.294626 0.0653706 0.828059 1.2711 0.532792 0.715384 0 1
0.544481 0.699606 0.488021 0.317942 0.872982 6.82455 0.503586 0.771599 0 1
0.83343 0.370067 0.13422 0.59798 0.80282 3.05765 0.227027 0.324778 0 1
0.49147 0.978301 0.95706 0.00350963 0.514908 7.30918 0.224433 0.643178 0 1
0.21775 0.915098 0.319102 0.841243 0.905759 8.19178 0.259316 0.393109 0 1
0.142216 0.403943 0.710166 0.161504 0.26545 3.75958 0.888424 0.986663 73.4935 0
0.782647 0.629963 0.36021 0.91876 0.797388 5.91906 0.137181 0.554216 0 1
0.12653 0.493515 0.977996 0.75634 0.262673 1.09561 0.300851 0.542283 45.7864 0
0.838496 0.989563 0.614093 0.416974 0.749657 7.14591 0.870022 0.936033 0 1
0.591815 0.211097 0.649342 0.777764 0.568499 6.52242 0.58153 0.106937 4.1431 1
0.525834 0.978515 0.908048 0.5103 0.270699 5.68804 0.594226 0.285623 0 1
0.827937 0.093112 0.896268 0.365917 0.793664 0.779748 0.789697 0.659261 26.6817 0
0.440352 0.216254 0.165105 0.0858791 0.730094 9.52239 0.198096 0.0943022 17.2816 0
0.892453 0.373211 0.799005 0.93643 0.722739 9.39299 0.548997 0.484329 0 1
0.257637 0.0820032 0.0289315 0.868954 0.983734 2.03497 0.946989 0.722434 70.5394 0
0.23545 0.107364 0.970946 0.305185 0.939177 3.92224 0.672597 0.29902 104.327 0
0.358531 0.839686 0.489029 0.547441 0.998749 3.2728 0.108066 0.524491 0 1
0.324686 0.298746 0.183752 0.813562 0.450148 3.21329 0.78811 0.376812 21.7537 0
0.453871 0.762963 0.505417 0.897275 0.478683 1.19297 0.57561 0.974212 0 1
0.270333 0.0228584 0.992309 0.453261 0.311747 4.64705 0.962554 0.672781 105.015 0
0.20954 0.260353 0.633961 0.907285 0.488418 2.91177 0.495712 0.789331 57.0172 0
0.45027 0.552416 0.359569 0.991424 0.253883 5.38865 0.327433 0.948729 0 1
0.871609 9.15555e-005 0.651143 0.904141 0.079104 5.95721 0.891476 0.0567949 0 1
0.134892 0.482406 0.281838 0.0955229 0.305246 3.63964 0.703726 0.897977 47.4483 0
0.891079 0.0352184 0.179235 0.677419 0.913266 9.51598 0.287973 0.357768 0 1
0.112247 0.855159 0.413556 0.45851 0.418378 9.88617 0.226783 0.270577 0 1
0.54915 0.928495 0.311106 0.604602 0.889706 5.6856 0.337199 0.892422 0 1
0.312845 0.285104 0.692404 0.923673 0.0946379 8.14905 0.971557 0.99826 38.6722 0
0.582049 0.877407 0.23545 0.776055 0.768609 0.723899 0.443129 0.60509 0 1
0.434858 0.084109 0.964171 0.609668 0.00927763 7.23533 0.577258 0.319254 49.3963 0
0.806085 0.839351 0.861568 0.119999 0.796472 6.29872 0.3867 0.309336 0 1
0.569048 0.386242 0.607959 0.0355541 0.636311 1.98584 0.872707 0.903592 23.1339 0
0.742698 0.656301 0.444441 0.527665 0.331065 0.737632 0.950743 0.812799 0 1
0.823664 0.272835 0.161016 0.245827 0.873562 4.52834 0.501114 0.977783 0 1
0.243263 0.180151 0.209906 0.977996 0.466597 0.279244 0.545061 0.0422071 40.8016 0
0.949614 0.897458 0.943846 0.935392 0.667714 5.52416 0.545183 0.450117 0 1
0.114444 0.397534 0.979369 0.662923 0.658528 0.32136 0.831477 0.168554 75.4603 0
0.965392 0.61095 0.685049 0.574358 0.639332 5.42039 0.151952 0.035432 0 1
0.742821 0.554735 0.794916 0.112308 0.348643 6.67318 0.348643 0.731925 0 1
0.781976 0.0864589 0.146519 0.533494 0.707724 5.69964 0.158086 0.380291 0 1
0.720054 0.282968 0.54445 0.318857 0.590075 6.80197 0.137333 0.766503 0 1
0.828059 0.444411 0.748405 0.208747 0.716056 0.128483 0.714621 0.187811 0 1
0.467971 0.723106 0.586535 0.863124 0.672292 1.08737 0.365154 0.925596 0 1
0.674764 0.377422 0.193854 0.14655 0.0563372 6.01062 0.911985 0.342784 0 1
0.86343 0.650777 0.375408 0.0386059 0.746086 4.06812 0.951659 0.606738 0 1
0.660939 0.275399 0.0944548 0.168767 0.294382 5.43291 0.405103 0.0366832 0 1
0.863369 0.601459 0.0860012 0.976745 0.448561 5.69323 0.193365 0.0765404 0 1
0.517869 0.350597 0.594867 0.497513 0.794885 6.51845 0.0384228 0.892575 5.19166 1
0.129765 0.995331 0.239021 0.771722 0.528184 2.57179 0.388867 0.595843 0 1
0.994568 0.762444 0.997955 0.880459 0.346294 4.67544 0.470779 0.0901212 0 1
0.654805 0.262307 0.325785 0.605731 0.46968 9.2233 0.463515 0.544481 0 1
0.482437 0.742637 0.389782 0.715506 0.785913 3.84655 0.800439 0.490768 0 1
0.385571 0.967223 0.433393 0.873836 0.119175 9.32707 0.594745 0.546525 0 1
0.640675 0.720145 0.264687 0.176031 0.624897 7.76086 0.190161 0.762474 0 1
0.849391 0.934507 0.869625 0.308939 0.309122 6.97287 0.836909 0.595202 0 1
0.0208441 0.446272 0.150182 0.335856 0.673208 1.18107 0.492172 0.504868 58.5444 0
0.778558 0.373394 0.787896 0.106906 0.48323 7.9107 0.746269 0.177801 0 1
0.692312 0.11951 0.23191 0.294107 0.664663 1.15635 0.873135 0.374218 16.0874 0
0.735466 0.00292978 0.812433 0.0514542 0.321635 0.79989 0.00613422 0.40083 30.5527 0
0.866787 0.510636 0.978851 0.300302 0.881832 8.27082 0.4391 0.208472 0 1
0.737602 0.176946 0.663106 0.639241 0.365703 8.46156 0.0517289 0.114872 0 1
0.523728 0.0877102 0.768029 0.879421 0.781213 7.89239 0.860683 0.152196 39.0808 0
0.882565 0.00894192 0.78048 0.204657 0.643208 9.12503 0.695181 0.0397351 8.09665 0
0.0350963 0.141026 0.509781 0.956725 0.618061 1.42582 0.997894 0.78161 104.433 0
0.972991 0.497299 0.950865 0.0451979 0.293161 7.68151 0.750603 0.88934 0 1
0.79046 0.9082 0.272622 0.982971 0.0715049 7.56066 0.525163 0.229499 0 1
0.141545 0.650044 0.931211 0.546098 0.191046 6.93106 0.659108 0.496597 24.5626 0
0.821955 0.699057 0.908292 0.0592364 0.869472 3.52062 0.556475 0.310404 0 1
0.476089 0.610065 0.0742515 0.305551 0.573534 8.8345 0.113651 0.93881 0 1
0.429243 0.020661 0.676656 0.0620441 0.413709 6.31611 0.27015 0.645405 68.8269 0
0.64449 0.779962 0.953368 0.259621 0.663686 5.76312 0.684286 0.662221 0 1
0.804712 0.702475 0.870907 0.768273 0.404828 3.99091 0.534043 0.787286 0 1
0.5197 0.947142 0.987671 0.807276 0.295877 1.74749 0.442885 0.607349 0 1
0.658162 0.0210578 0.442274 0.980224 0.467269 6.87582 0.530442 0.345439 6.94687 1
0.804743 0.408704 0.0668966 0.935331 0.540819 3.72936 0.588366 0.33375 0 1
0.842067 0.825434 0.625385 0.650502 0.774255 8.83541 0.381054 0.110935 0 1
0.657704 0.0965911 0.176641 0.343516 0.330546 2.80953 0.0715049 0.145177 0 1
0.976409 0.661641 0.562914 0.00717185 0.672842 8.51985 0.772088 0.181463 0 1
0.316843 0.702536 0.0230415 0.569506 0.0834376 5.50005 0.220191 0.214515 0 1
0.0738243 0.89819 0.930815 0.678762 0.308939 0.614643 0.57918 0.0863369 1.79394 1
0.725364 0.802942 0.658071 0.113773 0.329203 4.97238 0.364086 0.708823 0 1
0.164525 0.850764 0.563219 0.819056 0.252297 7.09067 0.492447 0.911527 0 1
0.156621 0.984008 0.104282 0.564776 0.333842 2.30842 0.459944 0.914212 0 1
0.921232 0.907346 0.0774255 0.232246 0.121494 8.45271 0.641377 0.424604 0 1
0.839106 0.966704 0.980041 0.723777 0.724693 7.75018 0.716361 0.361003 0 1
0.28428 0.653157 0.499039 0.498001 0.208899 4.99222 0.220008 0.199866 0 1
0.581225 0.731803 0.124302 0.730003 0.115421 1.94952 0.21894 0.948668 0 1
0.0866115 0.995697 0.886807 0.0963469 0.105747 8.03552 0.11182 0.743217 0 1
0.396619 0.644795 0.22187 0.185461 0.731101 7.21946 0.555284 0.0707114 0 1
0.678732 0.289743 0.95764 0.53267 0.327036 1.19266 0.514695 0.617145 5.63738 1
0.12891 0.580981 0.428114 0.280221 0.0329905 8.7817 0.439863 0.739952 18.2563 0
0.553667 0.462355 0.711692 0.462722 0.936705 1.61107 0.565966 0.565813 4.62615 1
0.0768761 0.0503555 0.994201 0.917081 0.343791 6.01947 0.339152 0.713218 105.189 0
0.972106 0.137791 0.0573138 0.817743 0.172369 1.22166 0.967467 0.640095 0 1
0.619312 0.322764 0.891903 0.836818 0.472488 3.72478 0.0965606 0.616504 0 1
0.587207 0.762627 0.43611 0.929289 0.0706503 7.99127 0.610492 0.322367 0 1
0.840114 0.552782 0.438826 0.743065 0.339396 3.35154 0.557451 0.0699789 0 1
0.0698569 0.730705 0.447798 0.654286 0.0918302 7.17124 0.20069 0.651784 0 1
0.153203 0.904752 0.923154 0.427351 0.601184 4.26222 0.194159 0.812922 0 1
0.733451 0.508103 0.475387 0.500137 0.74517 2.54891 0.883328 0.34904 0 1
0.927732 0.677725 0.228858 0.894131 0.275765 4.98032 0.730949 0.828761 0 1
0.158879 0.758171 0.310007 0.749565 0.213599 7.69616 0.867946 0.941527 0 1
0.112705 0.430586 0.460585 0.485672 0.367504 4.43922 0.769036 0.470077 49.9955 0
0.819758 0.466567 0.776025 0.585711 0.979064 7.22037 0.0536515 0.888272 0 1
0.862453 0.106998 0.568682 0.00720237 0.492019 3.23222 0.411603 0.583575 1.4601 1
0.707144 0.0661336 0.356029 0.217078 0.447096 8.01386 0.653981 0.704886 15.0979 0
0.161138 0.160344 0.974181 0.851863 0.501267 4.86343 0.888821 0.63509 93.2023 0
0.954772 0.56212 0.815821 0.00265511 0.572314 0.504166 0.821955 0.0886868 0 1
0.448225 0.678823 0.193823 0.125553 0.108493 6.99667 0.182714 0.83462 0 1
0.463881 0.65685 0.82934 0.576678 0.483016 9.90417 0.274941 0.0436415 0 1
0.24308 0.5103 0.465133 0.772271 0.513413 2.70577 0.652394 0.261299 14.4759 0
0.528367 0.875057 0.603809 0.973876 0.106296 7.46147 0.919889 0.00531022 0 1
0.770287 0.387524 0.371197 0.69866 0.0268563 1.72491 0.658803 0.988433 0 1
0.459639 0.688681 0.504563 0.754326 0.793237 1.70904 0.478072 0.965911 0 1
0.584368 0.0529191 0.465926 0.899442 0.696188 1.69866 0.189886 0.20835 18.5415 0
0.211707 0.641987 0.680258 0.128513 0.943571 9.71557 0.110355 0.599292 19.0023 0
0.195044 0.38377 0.898862 0.582171 0.92993 9.43144 0.485549 0.357707 55.163 0
0.00616474 0.476394 0.687643 0.0823084 0.63094 8.33369 0.0419935 0.385937 62.9591 0
0.692099 0.517014 0.0402844 0.292276 0.12302 2.13752 0.662648 0.242134 0 1
0.957213 0.255684 0.116703 0.501968 0.227851 5.45244 0.187628 0.738029 0 1
0.370281 0.974425 0.106143 0.0380566 0.281808 8.69259 0.340007 0.161504 0 1
0.696524 0.49089 0.215674 0.299142 0.0305795 1.24485 0.776482 0.124302 0 1
0.354534 0.78753 0.783197 0.415815 0.648762 0.880764 0.263344 0.0347301 0 1
0.998474 0.265267 0.515946 0.535905 0.884274 9.42076 0.977142 0.195227 0 1
0.22486 0.622608 0.853725 0.734611 0.32786 4.64797 0.930418 0.52501 19.4671 0
0.40492 0.359386 0.457106 0.549638 0.807825 8.47316 0.522629 0.907865 20.5236 0
0.641346 0.905759 0.820856 0.141423 0.90933 1.34861 0.215827 0.164556 0 1
0.850398 0.376049 0.0119938 0.0781884 0.619068 2.93161 0.33549 0.650838 0 1
0.969085 0.947752 0.533341 0.746208 0.0947295 8.99869 0.996277 0.479751 0 1
0.286905 0.865352 0.311594 0.384808 0.559587 4.61013 0.152715 0.369549 0 1
0.903287 0.0691855 0.810724 0.746696 0.32194 3.52367 0.775262 0.116184 0 1
0.309122 0.449599 0.27015 0.383038 0.919828 3.85846 0.1507 0.691 18.0858 0
0.0942717 0.725455 0.0681478 0.553575 0.39024 0.00915555 0.308298 0.9635 2.16324 1
0.77929 0.948424 0.210059 0.761895 0.664022 0.810877 0.57033 0.0487686 0 1
0.772485 0.631642 0.941557 0.915464 0.0851466 3.95154 0.227943 0.280496 0 1
0.452101 0.503708 0.486953 0.110752 0.0552995 6.63747 0.341929 0.808191 0 1
0.373272 0.887631 0.912503 0.0437025 0.803552 2.50649 0.668569 0.820185 0 1
0.599994 0.704611 0.114628 0.0444349 0.280587 4.79263 0.710288 0.391095 0 1
0.162206 0.103061 0.933317 0.737754 0.178625 5.74023 0.891568 0.954619 98.9461 0
0.637898 0.712516 0.390149 0.328104 0.0755943 2.26691 0.859645 0.401044 0 1
0.859951 0.522385 0.0519425 0.509812 0.704978 7.87927 0.910306 0.800073 0 1
0.748344 0.386059 0.518754 0.00225837 0.349956 0.835292 0.538652 0.748253 0 1
0.267129 0.149724 0.0371715 0.709983 0.363384 8.56014 0.114994 0.341899 26.1308 0
0.506455 0.406262 0.238807 0.507889 0.812037 8.30836 0.685476 0.774529 0 1
0.889554 0.874111 0.00335704 0.651326 0.246101 4.0791 0.897977 0.559648 0 1
0.504868 0.401257 0.447035 0.811335 0.594043 9.78118 0.0527055 0.378338 0 1
0.563036 0.594165 0.0356761 0.734733 0.181646 8.64376 0.278329 0.551988 0 1
0.978881 0.0715659 0.823237 0.529313 0.877071 8.88455 0.832423 0.139805 0 1
0.0784936 0.343425 0.814875 0.573992 0.359874 5.62059 0.527329 0.661702 72.7019 0
0.431288 0.31489 0.455428 0.0539262 0.516007 9.0347 0.281075 0.445662 19.1296 0
0.80697 0.415113 0.2425 0.120792 0.956969 8.78719 0.793023 0.600726 0 1
0.257576 0.351238 0.464888 0.677755 0.664541 4.68184 0.344646 0.614338 34.5249 0
0.324534 0.487259 0.0657674 0.789758 0.760369 3.58013 0.725425 0.575182 0.129887 1
0.370678 0.847926 0.631062 0.718619 0.40025 2.56294 0.283517 0.0207831 0 1
0.0372936 0.747612 0.50264 0.5833 0.79397 8.34773 0.101596 0.41026 8.62526 0
0.826197 0.0443739 0.0166021 0.644856 0.349528 2.94931 0.297586 0.221747 0 1
0.806604 0.0187078 0.866695 0.216803 0.94293 5.59709 0.450484 0.675344 33.0267 0
0.447279 0.877499 0.592364 0.20014 0.31251 0.896634 0.151128 0.0805078 0 1
0.573626 0.8829 0.192267 0.243538 0.578722 3.24595 0.677999 0.808954 0 1
0.449629 0.106265 0.862423 0.52855 0.888302 7.49718 0.797967 0.892026 69.269 0
0.984893 0.807215 0.859462 0.179632 0.184149 5.87268 0.692007 0.24366 0 1
0.0665609 0.437117 0.488998 0.299509 0.0996735 1.12735 0.00622578 0.507889 47.1316 0
0.0167241 0.268471 0.218909 0.62917 0.978423 5.96515 0.0273141 0.531388 69.0117 0
0.174017 0.648549 0.9176 0.832972 0.0184027 8.69961 0.983673 0.461318 12.7517 0
0.600848 0.878323 0.217139 0.408979 0.541948 5.17136 0.470748 0.46794 0 1
0.915403 0.716453 0.00183111 0.224067 0.389966 6.91031 0.00234993 0.0921964 0 1
0.248726 0.508103 0.0212714 0.673971 0.441572 5.5501 0.685995 0.218451 0 1
0.326762 0.938963 0.628651 0.46849 0.258675 3.49223 0.023896 0.672079 0 1
0.677206 0.413953 0.644154 0.0417493 0.855403 0.819727 0.83874 0.442152 4.6957 1
0.96173 0.0614338 0.343089 0.587268 0.59273 8.46248 0.32432 0.529069 0 1
0.432936 0.361797 0.569323 0.718039 0.197913 7.60949 0.221564 0.41731 0 1
0.516495 0.401593 0.973418 0.751823 0.909116 5.3737 0.119114 0.172979 1.89306 1
0.517899 0.752281 0.376019 0.621235 0.744896 6.70736 0.879177 0.166478 0 1
0.454817 0.974303 0.256111 0.408918 0.898679 2.56355 0.188208 0.42024 0 1
0.013947 0.745842 0.364238 0.507706 0.2584 4.31288 0.232978 0.581286 8.78848 0
0.633076 0.616779 0.460891 0.405805 0.0510269 4.40504 0.501022 0.518967 0 1
0.708151 0.387646 0.179632 0.0967742 0.611988 3.28532 0.706565 0.547502 0 1
0.92523 0.113468 0.015595 0.115024 0.279702 2.55623 0.841365 0.273812 0 1
0.717582 0.732719 0.438551 0.195593 0.415326 4.39375 0.350322 0.0700095 0 1
0.847713 0.321116 0.131352 0.559618 0.547014 7.21 0.432508 0.171178 0 1
0.114383 0.970733 0.353099 0.824213 0.639576 7.56798 0.466689 0.3979 0 1
0.184668 0.293649 0.427442 0.537889 0.489059 8.34498 0.562273 0.504044 49.444 0
0.55089 0.551164 0.355968 0.340556 0.242134 3.14737 0.234993 0.149358 0 1
0.612781 0.407392 0.556383 0.74865 0.0408032 6.97439 0.207801 0.497085 0 1
0.884396 0.308329 0.72573 0.565447 0.791803 3.13181 0.336558 0.43672 0 1
0.326212 0.485824 0.828822 0.916044 0.0610675 6.39698 0.660817 0.431532 4.77673 1
0.802271 0.586261 0.211463 0.90762 0.0935698 2.43171 0.579638 0.991455 0 1
0.661885 0.924711 0.83871 0.914579 0.957518 3.44676 0.152348 0.770379 0 1
0.447005 0.363689 0.658101 0.488662 0.813959 0.116276 0.5244 0.289132 25.3773 0
0.724113 0.817133 0.0881069 0.894223 0.311502 9.74242 0.478011 0.28309 0 1
0.0412 0.379192 0.631214 0.268136 0.105625 0.666829 0.108066 0.674612 68.4677 0
0.00991852 0.078341 0.612384 0.405255 0.503372 2.93802 0.622822 0.170934 115.526 0
0.512497 0.256111 0.042085 0.168371 0.232704 5.22324 0.269723 0.486709 0 1
0.033845 0.571001 0.604999 0.523453 0.337199 7.97327 0.386212 0.191717 31.8742 0
0.118625 0.627522 0.772759 0.199713 0.195532 2.83609 0.575457 0.183508 33.545 0
0.953093 0.229926 0.0426649 0.974914 0.665975 8.3224 0.00714133 0.784997 0 1
0.0723289 0.261269 0.300821 0.585314 0.355876 1.71636 0.843287 0.467177 73.9363 0
0.192267 0.187201 0.310343 0.261055 0.0163884 7.24448 0.788995 0.196783 58.2471 0
0.16654 0.184973 0.324747 0.886196 0.0617695 0.484634 0.768212 0.409009 58.1155 0
0.0686972 0.897244 0.826167 0.783868 0.214087 9.035 0.72454 0.604968 0 1
0.399213 0.811029 0.388592 0.126347 0.272622 9.42289 0.547075 0.574511 0 1
0.41731 0.261635 0.666372 0.97055 0.00845363 0.272835 0.121097 0.243843 8.55391 0
0.598346 0.0615558 0.507218 0.917661 0.184088 1.72063 0.503861 0.148198 12.1371 0
0.215491 0.754387 0.190558 0.398785 0.697806 1.07456 0.22541 0.529527 0 1
0.047029 0.493545 0.79104 0.584796 0.853298 4.73098 0.714377 0.0589312 62.5697 0
0.208289 0.546556 0.666463 0.921659 0.754143 6.3393 0.848689 0.184637 20.5315 0
0.108524 0.423597 0.0713218 0.290414 0.823511 1.21433 0.631367 0.104495 47.9595 0
0.53328 0.631642 0.894986 0.792596 0.448378 7.00247 0.991485 0.363598 0 1
0.8511 0.0531632 0.524979 0.160039 0.749443 0.592975 0.709647 0.0769677 11.7837 0
0.345683 0.950346 0.835261 0.79046 0.475295 1.28483 0.468978 0.777306 0 1
0.673025 0.593524 0.29957 0.407117 0.0221564 0.198675 0.0308237 0.887509 0 1
0.443251 0.51561 0.229652 0.344432 0.578417 5.94226 0.535661 0.818384 0 1
0.927793 0.390576 0.138493 0.457869 0.393994 6.52333 0.928678 0.691397 0 1
0.891324 0.537706 0.228675 0.6592 0.175115 7.51518 0.510575 0.686117 0 1
0.548845 0.0501114 0.00570696 0.0765099 0.603626 6.46901 0.613666 0.0130314 26.2391 0
0.647755 0.549089 0.0161138 0.839717 0.981658 3.57952 0.402173 0.511307 0 1
0.674825 0.562639 0.710959 0.490188 0.00103763 8.59828 0.798425 0.871151 0 1
0.188116 0.529588 0.433912 0.0163884 0.63805 3.9967 0.533341 0.481582 38.6626 0
0.274331 0.428419 0.534654 0.513779 0.172613 4.38307 0.322428 0.903317 23.2585 0
0.130467 0.0311899 0.607196 0.470046 0.333171 2.16315 0.166417 0.966094 102.171 0
0.771142 0.782495 0.852962 0.675222 0.565966 9.45677 0.777184 0.49147 0 1
0.860469 0.303232 0.569323 0.756859 0.429731 6.26026 0.128269 0.640584 0 1
0.669088 0.519669 0.762688 0.34022 0.115085 4.8616 0.131016 0.886624 0 1
0.156285 0.417219 0.886868 0.833399 0.0892361 0.504166 0.435133 0.612568 47.2715 0
0.176977 0.419507 0.706351 0.837458 0.865352 8.30103 0.354411 0.333872 37.4741 0
0.813807 0.392041 0.284555 0.181585 0.897122 6.39729 0.917722 0.546129 0 1
0.833918 0.27134 0.0972015 0.583392 0.598346 5.38743 0.0445875 0.197577 0 1
0.27131 0.318766 0.270425 0.933866 0.487472 3.97626 0.846217 0.787011 32.3743 0
0.133793 0.999329 0.944212 0.207526 0.457045 0.894498 0.0509049 0.0861232 0 1
0.23487 0.485733 0.760582 0.997894 0.16834 3.06314 0.555223 0.487564 17.8451 0
0.150884 0.787286 0.476974 0.677175 0.570788 0.00579852 0.0995209 0.977142 0 1
0.302988 0.503616 0.704428 0.181829 0.546587 4.51491 0.0688498 0.731803 23.6624 0
0.164312 0.203833 0.770898 0.422498 0.680197 9.56481 0.418653 0.342235 76.3254 0
0.591784 0.43025 0.709525 0.319254 0.152867 1.47465 0.725639 0.66039 0 1
0.283364 0.327403 0.37196 0.461653 0.76223 9.32493 0.363414 0.272317 28.5834 0
0.359935 0.895871 0.666646 0.394024 0.0666829 0.619221 0.803522 0.59563 0 1
0.0724204 0.871181 0.921995 0.525559 0.655171 3.20017 0.0408948 0.602374 8.65587 0
0.633747 0.22779 0.374767 0.665456 0.541368 3.41166 0.144963 0.166448 0 1
0.175909 0.308023 0.78341 0.183111 0.683615 0.514542 0.935179 0.0365307 84.1305 0
0.832057 0.575793 0.166112 0.793298 0.629078 7.35008 0.781884 0.433454 0 1
0.943388 0.995697 0.664357 0.966155 0.283517 7.25303 0.532182 0.27308 0 1
0.391278 0.0367748 0.531022 0.962554 0.80578 7.21702 0.560595 0.0138249 48.0625 0
0.0543535 0.301645 0.243721 0.494217 0.627186 7.30857 0.944884 0.129398 67.4312 0
0.390454 0.780053 0.743126 0.00875881 0.596271 6.33076 0.766869 0.206427 0 1
0.14359 0.72808 0.796106 0.599963 0.248146 3.73669 0.538194 0.667104 12.787 0
0.176153 0.171972 0.484176 0.542802 0.199194 7.79473 0.75103 0.116794 62.5103 0
0.425825 0.0369884 0.816706 0.453749 0.666433 0.00152593 0.553941 0.316813 75.5837 0
0.987579 0.901395 0.469192 0.075869 0.112064 5.74755 0.55269 0.782037 0 1
0.320841 0.375195 0.646535 0.688986 0.013184 1.22837 0.735954 0.00341807 20.7625 0
0.581408 0.104251 0.0713523 0.144719 0.756127 6.61275 0.526109 0.295907 19.6254 0
0.0785546 0.399152 0.097232 0.526841 0.656056 5.45213 0.955016 0.270852 50.0517 0
0.857021 0.488907 0.947111 0.436293 0.101505 0.348521 0.964812 0.933866 0 1
0.404004 0.400159 0.0762352 0.901456 0.823969 4.8674 0.833766 0.40727 0 1
0.481277 0.46086 0.661 0.913114 0.292215 1.70019 0.72689 0.277963 0 1
0.0821863 0.429304 0.211615 0.584796 0.232093 7.07999 0.371899 0.569933 31.6861 0
0.513718 0.247932 0.310892 0.937895 0.270943 1.44566 0.859859 0.341899 3.00455 1
0.60332 0.422376 0.477157 0.311777 0.707114 6.35517 0.571032 0.910184 0 1
0.031312 0.0252083 0.152745 0.398938 0.40437 7.64977 0.225684 0.696066 95.2259 0
0.787591 0.324992 0.817316 0.90521 0.811823 4.86862 0.0597552 0.698599 0 1
0.753777 0.0400403 0.225837 0.834834 0.107913 6.91183 0.125797 0.592364 0 1
0.41026 0.217475 0.772271 0.400708 0.470443 3.95581 0.718619 0.449873 50.3582 0
0.668264 0.737022 0.977569 0.559526 0.470809 5.61632 0.926084 0.0894498 0 1
0.826746 0.439985 0.102969 0.17188 0.593616 5.36302 0.305002 0.0477615 0 1
0.654592 0.883053 0.888516 0.7875 0.881191 1.1829 0.681845 0.177587 0 1
0.597522 0.717368 0.415998 0.055208 0.703146 2.4958 0.0784326 0.870357 0 1
0.110111 0.692251 0.0975066 0.758415 0.650929 3.31706 0.762902 0.903745 8.35759 0
0.113041 0.284249 0.788629 0.47499 0.557268 1.67119 0.425245 0.914609 86.6043 0
0.574847 0.951048 0.0266121 0.862545 0.640797 5.25803 0.478408 0.496353 0 1
0.219001 0.0101016 0.393872 0.568499 0.775536 3.36497 0.483779 0.921842 94.2915 0
0.356212 0.14304 0.00607318 0.765374 0.885372 5.03159 0.702139 0.490707 38.0391 0
0.84109 0.524125 0.125462 0.310801 0.463759 3.46385 0.769341 0.502396 0 1
0.154363 0.574297 0.899289 0.532853 0.218055 6.6979 0.497208 0.853572 33.9645 0
0.610004 0.34019 0.222816 0.640004 0.839198 4.5143 0.799158 0.260811 0 1
0.687002 0.497909 0.727897 0.756371 0.896115 1.60222 0.741173 0.108371 0 1
0.486648 0.982055 0.896023 0.581957 0.855342 6.97348 0.717429 0.920804 0 1
0.314341 0.239418 0.296731 0.677633 0.225562 9.62584 0.751152 0.460341 26.8667 0
0.386914 0.108158 0.950896 0.375439 0.827052 0.458083 0.920316 0.450087 88.9709 0
0.664296 0.321512 0.818873 0.31373 0.186285 0.433973 0.908567 0.921171 13.2598 0
0.806818 0.636799 0.413923 0.597217 0.0554827 4.99557 0.680898 0.185644 0 1
0.257179 0.589221 0.540513 0.582232 0.0570391 4.72823 0.284402 0.434187 0 1
0.447462 0.870968 0.157384 0.286813 0.453169 2.27332 0.774224 0.958586 0 1
0.131046 0.334819 0.366131 0.425977 0.0403455 5.49425 0.264077 0.999512 48.1729 0
0.839961 0.623402 0.524216 0.0717185 0.16892 6.88864 0.102329 0.219092 0 1
0.466506 0.422803 0.483413 0.938322 0.8876 9.25352 0.17246 0.798761 0 1
0.97058 0.341685 0.953032 0.292306 0.212928 7.5988 0.319163 0.161596 0 1
0.211615 0.414991 0.988159 0.487899 0.523972 7.31223 0.898862 0.320261 56.4926 0
0.905637 0.2331 0.603107 0.126835 0.0816675 8.57234 0.455641 0.849544 0 1
0.707175 0.695456 0.509445 0.843806 0.673513 7.01254 0.522019 0.483993 0 1
0.416486 0.389721 0.979522 0.716422 0.382946 0.636311 0.544633 0.340587 24.4208 0
0.311472 0.595538 0.834559 0.300485 0.484054 2.98074 0.935179 0.766503 28.8387 0
0.604663 0.913419 0.558031 0.290078 0.460921 2.52937 0.245949 0.811579 0 1
0.0253609 0.518784 0.533921 0.80282 0.152287 8.37886 0.470962 0.32606 29.7009 0
0.526658 0.0407422 0.410016 0.289804 0.0210578 2.15003 0.471389 0.68334 39.561 0
0.117374 0.0660726 0.58623 0.0710166 0.548784 6.15436 0.526566 0.127506 104.222 0
0.819147 0.268075 0.827723 0.495346 0.755211 7.80633 0.00964385 0.746025 0 1
0.748497 0.160558 0.00332652 0.725761 0.84283 0.288705 0.188513 0.0673849 0 1
0.323771 0.476608 0.948912 0.149449 0.96643 9.46684 0.151402 0.283792 31.3551 0
0.597339 0.172613 0.455367 0.413038 0.127567 7.05039 0.857875 0.0988495 7.00851 0
0.712394 0.0571612 0.382153 0.0826746 0.19422 0.00976592 0.314341 0.200049 12.6854 0
0.485153 0.0448927 0.895535 0.929319 0.0450758 6.24073 0.875118 0.35667 44.708 0
0.11182 0.035432 0.831751 0.838588 0.839381 6.47542 0.667989 0.142247 105.955 0
0.000640889 0.41731 0.185339 0.346324 0.411145 2.44819 0.145146 0.282327 50.9521 0
0.728996 0.196875 0.722587 0.798486 0.788965 1.31138 0.758934 0.627033 8.48817 0
0.125248 0.752098 0.719504 0.136326 0.840419 6.29597 0.762444 0.748863 33.7497 0
0.475967 0.211646 0.825373 0.30665 0.0414747 3.62743 0.135594 0.165166 24.8888 0
0.857845 0.458663 0.0508438 0.296884 0.371349 5.69109 0.635762 0.18598 0 1
0.594806 0.759728 0.881436 0.795282 0.331675 0.443129 0.97351 0.386578 0 1
0.839961 0.0187384 0.515519 0.475997 0.0912809 7.07755 0.113437 0.7051 0 1
0.282662 0.655843 0.227851 0.909391 0.755669 7.93786 0.700003 0.165288 0 1
0.980651 0.111301 0.857784 0.0969878 0.761406 6.68294 0.608203 0.224158 0 1
